-1.074764955816054339e+02 1.481334175016493191e+02
-1.081690926914199622e+02 1.480986981850255120e+02
-1.068986502079500553e+02 1.481398061553148011e+02
-1.063961467703654904e+02 1.481484265378382190e+02
-1.058790511236520899e+02 1.481084269811765353e+02
-1.053736978536229856e+02 1.479802483555881167e+02
-1.048627217108939931e+02 1.478057625856164918e+02
-1.043046059660266280e+02 1.476416617826476454e+02
-1.037834775500510460e+02 1.474956815541066248e+02
-1.032838754901254248e+02 1.473717613632655627e+02
-1.027813148408373820e+02 1.472388931486935348e+02
-1.027274803515114456e+02 1.472253193327757401e+02
-1.031576301248541370e+02 1.545324711533561981e+02
-1.036094212598577116e+02 1.542843413053772963e+02
-1.040404622598566391e+02 1.540071641309180279e+02
-1.044593346162465934e+02 1.537339909034511720e+02
-1.048976623036210469e+02 1.534789541117276030e+02
-1.053481960659350989e+02 1.532405228068496399e+02
-1.058344961439467795e+02 1.530125868419483481e+02
-1.062777437285252944e+02 1.527720663926398856e+02
-1.067641360561404156e+02 1.525213839133627403e+02
-1.072471439368569435e+02 1.522640656354579392e+02
-1.077565975192854495e+02 1.520249473024142617e+02
-1.078889912403518565e+02 1.519681267358604373e+02
-9.673009034464301692e+01 1.479084398554326185e+02
-9.627171529988228826e+01 1.481212857401551446e+02
-9.582774793453539530e+01 1.484035524630992597e+02
-9.537590229502936268e+01 1.486895995990169297e+02
-9.494214355944779982e+01 1.489917256838711239e+02
-9.450126482628036229e+01 1.492889229670405484e+02
-9.407538373325478176e+01 1.495618736281072643e+02
-9.360609803440401322e+01 1.498048998763556483e+02
-9.310193114787219315e+01 1.498671492490136643e+02
-9.258897979943118628e+01 1.499148991099468731e+02
-9.207379106077038955e+01 1.499898779500703654e+02
-9.153716908131346486e+01 1.500969197320680451e+02
-9.100491104010120580e+01 1.501845641593372989e+02
-9.042516197006162315e+01 1.502556043671955308e+02
-8.985637872654946534e+01 1.502903704845694506e+02
-8.933425454453906411e+01 1.503299693700191710e+02
-8.883496958569618585e+01 1.503711149319013316e+02
-8.828155476018886816e+01 1.504332853642612235e+02
-8.773592577150245120e+01 1.505035589946924119e+02
-8.719673235040107784e+01 1.505687279638477776e+02
-8.668326350051280826e+01 1.506385865570017586e+02
-8.611464702550040329e+01 1.506987632521633600e+02
-8.558150122210616928e+01 1.507698185483781685e+02
-8.499405858546401760e+01 1.508387528798687924e+02
-8.441632491495623469e+01 1.508957874767290264e+02
-8.388478805284420048e+01 1.509741324109252787e+02
-8.329592126946846520e+01 1.510362235171408258e+02
-8.279136621394749795e+01 1.511009776357250587e+02
-8.227253412865077564e+01 1.511665771783422656e+02
-8.175912085060238610e+01 1.512328629698502880e+02
-8.116927411218632926e+01 1.512990698358408110e+02
-8.060015855056636269e+01 1.513696151743703240e+02
-8.006018874238758087e+01 1.514453125082253564e+02
-7.952683913167000185e+01 1.514971143140659251e+02
-7.898910684437282725e+01 1.515664627832971405e+02
-7.842664889789038796e+01 1.516379012792492347e+02
-7.790262040719237291e+01 1.517115247620870946e+02
-7.736157781503666797e+01 1.517797727129558325e+02
-7.678253121839992446e+01 1.518559169060020793e+02
-7.625186358611586002e+01 1.519271797525902059e+02
-7.573735875103085391e+01 1.519838144177178378e+02
-7.522339049424221002e+01 1.520545343404407959e+02
-7.465847288750296684e+01 1.521195445957681898e+02
-7.409684702918195853e+01 1.521832945199529092e+02
-7.352153601412078388e+01 1.522441574755652027e+02
-7.294585519676908802e+01 1.523107150693724634e+02
-7.237940264327448858e+01 1.523739388814723839e+02
-7.179865445972941984e+01 1.524337170461432720e+02
-7.121698179622956104e+01 1.525032576177331975e+02
-7.063466185928668040e+01 1.525650619911957335e+02
-7.007131597323697747e+01 1.526263073738671778e+02
-6.948531577106942336e+01 1.526906797472685753e+02
-6.895535072816777244e+01 1.527483521240415598e+02
-6.845543738795778665e+01 1.528034397819480432e+02
-6.795655954957069866e+01 1.528608878791091286e+02
-6.734420635072613948e+01 1.529342094153616927e+02
-6.678775896266043333e+01 1.530149318312068374e+02
-6.629021287066024115e+01 1.530748209117045917e+02
-6.573703860056829740e+01 1.531563722385744768e+02
-6.519568152494638014e+01 1.532225624198040066e+02
-6.464999728044438143e+01 1.532994085619329212e+02
-6.412567266766522778e+01 1.533667948731397246e+02
-6.358733012177334842e+01 1.534334797479504573e+02
-6.298969766450044006e+01 1.535093850986320945e+02
-6.246200726059720409e+01 1.535695776454351744e+02
-6.194021639298334492e+01 1.536369323913776270e+02
-6.143013161926178611e+01 1.536945403856281871e+02
-6.089315755431221078e+01 1.537541748985337620e+02
-6.058309718297560664e+01 1.537873899789834127e+02
-5.751182525509284460e+01 1.541300072234842276e+02
-5.701146805145142338e+01 1.541847599849737094e+02
-5.642911111446022687e+01 1.542532000246003747e+02
-5.592250316484698658e+01 1.543193099505340342e+02
-5.537722563848788582e+01 1.543884994249272609e+02
-5.486333136378300424e+01 1.544524563330798514e+02
-5.435187828666261112e+01 1.545246599759624360e+02
-5.380395618349366060e+01 1.545968322496489122e+02
-5.325324159447752947e+01 1.546730401861696009e+02
-5.273707268141056659e+01 1.547416230310205378e+02
-5.273472397693743119e+01 1.547397088526129210e+02
-5.273845959888551249e+01 1.547387037547758553e+02
-4.935953235042548215e+01 1.551534428881659551e+02
-4.883017753699004970e+01 1.552160441420545851e+02
-4.830540906790383815e+01 1.552763483396248603e+02
-4.778352545240112903e+01 1.553342116599420137e+02
-4.720449755774906464e+01 1.554154289528543700e+02
-4.668407526958380771e+01 1.554868674434171680e+02
-4.612620377102227565e+01 1.555627247367835082e+02
-4.561332685780996599e+01 1.556391878011449990e+02
-4.509059265476246026e+01 1.557018686171254558e+02
-4.452737654399494716e+01 1.557741689506124487e+02
-4.398672220049644466e+01 1.558414597176956136e+02
-4.346469078701881017e+01 1.559046670309834610e+02
-4.289217240178699342e+01 1.559726605325422781e+02
-4.231369921549573121e+01 1.560443230560070447e+02
-4.179094641286018685e+01 1.561029041734872465e+02
-4.123133645581795292e+01 1.561721576542129242e+02
-4.066320105204894730e+01 1.562408849757276812e+02
-4.003074552950251075e+01 1.563098206106682824e+02
-3.951620380048223069e+01 1.563630581265935575e+02
-3.899404283504537716e+01 1.564158174464312197e+02
-3.848338475275059523e+01 1.564737604284533745e+02
-3.787508177915421470e+01 1.565493476678906291e+02
-3.737383699093560097e+01 1.566174037257647171e+02
-3.685138039233873997e+01 1.566903734572184703e+02
-3.629347199791713052e+01 1.567736640787391025e+02
-3.577900481977536629e+01 1.568628245587626964e+02
-3.517626860367651886e+01 1.569545387062573809e+02
-3.453759968952539339e+01 1.570534311727983550e+02
-3.401825015254271989e+01 1.571360197341811329e+02
-3.344096066517712984e+01 1.572146850639175568e+02
-3.284260719583677712e+01 1.572974979433582234e+02
-3.222058211530658411e+01 1.573752866397636865e+02
-3.164175741785000895e+01 1.574362937139505050e+02
-3.109082074883447433e+01 1.574959762553750124e+02
-3.058839220768695100e+01 1.575454014391847295e+02
-3.008119255371380518e+01 1.576077633566841030e+02
-2.956439468973639606e+01 1.576636170603952110e+02
-2.901449375300857270e+01 1.577259638112821847e+02
-2.836581948518241347e+01 1.577926187645069831e+02
-2.805823737654865724e+01 1.578260256642063553e+02
-2.754709528981359057e+01 1.576597549809472412e+02
-2.713661032812650831e+01 1.573267889146870004e+02
-2.667569396714331731e+01 1.569923251105709596e+02
-2.620904448581367419e+01 1.566558028114162084e+02
-2.577904998980383766e+01 1.563839637038742296e+02
-2.541818343833847038e+01 1.560869514435594851e+02
-2.648515470753766365e+01 1.630685910680835207e+02
-2.697171207262611148e+01 1.627683445648577276e+02
-2.738655162502884011e+01 1.624446187024453252e+02
-2.781171040502165326e+01 1.621117845416064256e+02
-2.828565522611867422e+01 1.618138826158967447e+02
-2.876929235283103736e+01 1.616267003649982144e+02
-2.932930886747097077e+01 1.615477793601654071e+02
-2.984122418468104598e+01 1.614748893136161882e+02
-3.038136031033731399e+01 1.613908647754574304e+02
-3.092628627414816478e+01 1.613114180994012372e+02
-3.142398010549695542e+01 1.612356729347769999e+02
-3.193698645007535575e+01 1.611542809424855136e+02
-3.249280519304690529e+01 1.610863669287279549e+02
-3.299930199065394731e+01 1.610190438906532506e+02
-3.349797616250357635e+01 1.609588352626005019e+02
-3.402781166373521415e+01 1.608888641429523716e+02
-3.461344177748689077e+01 1.608202318252646137e+02
-3.522692292187377916e+01 1.607439585757322789e+02
-3.574176037183538313e+01 1.606785181148086394e+02
-3.625408272566794921e+01 1.606191867409147278e+02
-3.686880285696643966e+01 1.605402175389689319e+02
-3.739725146266715683e+01 1.604743940405535056e+02
-3.799640025833306112e+01 1.603969568483810235e+02
-3.858726401758333679e+01 1.603283404748624434e+02
-3.908675192786178343e+01 1.602585935895043008e+02
-3.964288502696464889e+01 1.601865642645610421e+02
-4.023456244290024131e+01 1.601127637534581538e+02
-4.074229825566561658e+01 1.600380395209792539e+02
-4.127512974804140811e+01 1.599742255037982659e+02
-4.181003265153980664e+01 1.599134745383249196e+02
-4.237411782627563639e+01 1.598389564652948991e+02
-4.290330609497257797e+01 1.597683155910266919e+02
-4.342972042317533266e+01 1.597064000140769622e+02
-4.397111445407870889e+01 1.596410230370874501e+02
-4.454383643647138058e+01 1.595792188597311565e+02
-4.506326043192554209e+01 1.595228229457741236e+02
-4.558248111161195482e+01 1.594702715243501530e+02
-4.611362985228787892e+01 1.594132371024440999e+02
-4.672176638114923009e+01 1.593394362703687932e+02
-4.728398395433476509e+01 1.592736281260308999e+02
-4.783732472835595217e+01 1.592166250475648042e+02
-4.827201199638754758e+01 1.591751925773553467e+02
-6.463102209729049719e+01 1.570459898727708321e+02
-6.520966198352118681e+01 1.569940114067521222e+02
-6.577570810318503902e+01 1.569548742053525530e+02
-6.639292553307623734e+01 1.569180491631350378e+02
-6.691377354793681320e+01 1.568666778728941438e+02
-6.745729427012369683e+01 1.567917302920444342e+02
-6.796765607266947029e+01 1.567171017296840603e+02
-6.848121723546084638e+01 1.566277823315402031e+02
-6.901967050646902635e+01 1.565458637049477488e+02
-6.961992900958509267e+01 1.564661139819471600e+02
-7.013787358436179886e+01 1.564219526398820790e+02
-7.072600047669682510e+01 1.563653161563318008e+02
-7.133178863720283402e+01 1.563010868903843971e+02
-7.185785184830474748e+01 1.562470199677734968e+02
-7.236680818554219741e+01 1.561720884829733791e+02
-7.300131633710591927e+01 1.560928483477546251e+02
-7.352902515006701378e+01 1.560200702851079484e+02
-7.414638980073014807e+01 1.559350081152904863e+02
-7.470884763800809480e+01 1.558598047696983713e+02
-7.528597075876226086e+01 1.557720478181540216e+02
-7.595972156224239313e+01 1.556746701060543501e+02
-7.649364423675326918e+01 1.556136639378009932e+02
-7.707282033425494205e+01 1.555580326286692241e+02
-7.763146934533514809e+01 1.555341133682165378e+02
-7.819446423909593591e+01 1.555106245813832970e+02
-7.875174456544077373e+01 1.554853651248542405e+02
-7.933099482688008663e+01 1.554340409714600639e+02
-7.987734486359870800e+01 1.553555838658080006e+02
-8.042750448666264163e+01 1.552728836379049540e+02
-8.103904375399214643e+01 1.551818401069845095e+02
-8.154043653171034123e+01 1.551148369552467159e+02
-8.211445298232347056e+01 1.550525542496199023e+02
-8.262551774468968802e+01 1.549955999569385199e+02
-8.321932230837896327e+01 1.549315307398098867e+02
-8.382549894674768609e+01 1.548713054903547572e+02
-8.436744801650880277e+01 1.548271759008288200e+02
-8.498135498265141052e+01 1.547760906076531739e+02
-8.548149050624171252e+01 1.547346415492553433e+02
-8.600461346681332486e+01 1.546990623342535400e+02
-8.652903068658071106e+01 1.546450113318064723e+02
-8.714234574586657800e+01 1.546015025872289925e+02
-8.772161459857437649e+01 1.545403688018714092e+02
-8.831832261402381334e+01 1.544837646177309978e+02
-8.884042817709250528e+01 1.544344192515371219e+02
-8.938169295042452234e+01 1.543798417242866208e+02
-8.989917524184292574e+01 1.543221542017013803e+02
-9.049370058258755023e+01 1.542441111224995893e+02
-9.103662918310880059e+01 1.541683656004686043e+02
-9.161965177345882694e+01 1.540761584680226690e+02
-9.218566011448432107e+01 1.539967916607750453e+02
-9.268625734928298243e+01 1.539188935207799318e+02
-9.323865470127221045e+01 1.538497358703584155e+02
-9.375081160528777957e+01 1.538700980164159091e+02
-9.426999709777734893e+01 1.539713016617449455e+02
-9.481024654978547517e+01 1.540556287249651177e+02
-9.536192543168762370e+01 1.541725762725936875e+02
-9.588003849533347989e+01 1.542752477051119797e+02
-9.637257577799680064e+01 1.544000924314208589e+02
-9.688998676785865882e+01 1.545535370700760041e+02
-9.742400460221226410e+01 1.546895465769415239e+02
-9.773415874965149897e+01 1.547617060628927561e+02
