-1.025109179332358167e+02 1.469187681599416351e+02
-1.023885396698843664e+02 1.463988818452116618e+02
-1.022702487247500045e+02 1.458922033149021331e+02
-1.021394933089154193e+02 1.453711371689948919e+02
-1.019599149733535910e+02 1.448814629729988042e+02
-1.017093411855057070e+02 1.444244746014111911e+02
-1.014867852605436838e+02 1.439753980111181875e+02
-1.013212442102229431e+02 1.434993149116656355e+02
-1.012383127561910356e+02 1.429787423276300160e+02
-1.011803477890596241e+02 1.424816020326909722e+02
-1.011063670268476784e+02 1.419695788590433665e+02
-1.010058668428417548e+02 1.414425781119367116e+02
-1.009107669467099271e+02 1.409441140668565140e+02
-1.007961568049346113e+02 1.404229841527890699e+02
-1.007326994708524666e+02 1.398959356553554017e+02
-1.006204741263747735e+02 1.393975826162305509e+02
-1.005537613982792493e+02 1.388543588961129558e+02
-1.005138640798972602e+02 1.383057113232889606e+02
-1.004803659440616173e+02 1.378033384353533677e+02
-1.004486617347181578e+02 1.372998330494475567e+02
-1.003922869471680741e+02 1.367507710729697408e+02
-1.003406279967454964e+02 1.362205951332096561e+02
-1.002549783794783735e+02 1.356996715713968911e+02
-1.001677564209720970e+02 1.351397628980732009e+02
-1.000750242847947504e+02 1.346439310767219695e+02
-9.998434477656527974e+01 1.341333601550055050e+02
-9.990034126652003010e+01 1.336134575242079450e+02
-9.980664612242924250e+01 1.330178335129252787e+02
-9.973867612718103715e+01 1.324864135033338073e+02
-9.967105780707818496e+01 1.319696369817527852e+02
-9.960360542232631076e+01 1.313814943630312086e+02
-9.952953207042310169e+01 1.307833659341234807e+02
-9.945845410167106593e+01 1.301588375540570155e+02
-9.942129430928314093e+01 1.296560175598619082e+02
-9.935456283152717560e+01 1.290509501292463028e+02
-9.930181309466871653e+01 1.285175997611583227e+02
-9.925109703138477357e+01 1.279320244905508730e+02
-9.919339110175189944e+01 1.273785438016977309e+02
-9.914176927686783358e+01 1.268343462789921716e+02
-9.908143754350493282e+01 1.263323402625464666e+02
-9.900091019965827854e+01 1.257348657477262464e+02
-9.891563014056330871e+01 1.251573941202482700e+02
-9.883687824576536229e+01 1.245963520517825316e+02
-9.874362813103989822e+01 1.240532080938324810e+02
-9.865921792832354242e+01 1.235211979749292937e+02
-9.859073111131003486e+01 1.230197348093093410e+02
-9.851051870769259722e+01 1.224667804159688131e+02
-9.842542292898872347e+01 1.218054364390887656e+02
-9.835116537721410168e+01 1.212274863560684821e+02
-9.827435542721545403e+01 1.206439370149941794e+02
-9.820287133752798070e+01 1.200414372686514923e+02
-9.812877999403663409e+01 1.194408360817849086e+02
-9.806830082158541018e+01 1.189404253085091767e+02
-9.800539903006217912e+01 1.184272216995315432e+02
-9.795096707804944458e+01 1.179164264081518070e+02
-9.789313173467854767e+01 1.173690862282092695e+02
-9.782248151389727298e+01 1.168711163639761565e+02
-9.774639361180459218e+01 1.163190712435085175e+02
-9.766131775946212201e+01 1.157581092866583958e+02
-9.757912651456913977e+01 1.151747673005613706e+02
-9.749342166278584898e+01 1.145828596748657446e+02
-9.739495668592768141e+01 1.140062178318430028e+02
-9.731966402813959860e+01 1.134576339307115802e+02
-9.723776931444436400e+01 1.129112673903679678e+02
-9.717262957032799875e+01 1.123755559563555835e+02
-9.710708371505191394e+01 1.118712851747318950e+02
-9.703615580168850840e+01 1.112950739217720155e+02
-9.697353022338990058e+01 1.106644994190280045e+02
-9.690393435242033604e+01 1.101416933065990520e+02
-9.683879432015091027e+01 1.095396562064308910e+02
-9.676572123658525015e+01 1.089668265189791612e+02
-9.670104418043698047e+01 1.084159934587236762e+02
-9.663858668217505965e+01 1.078823082805532465e+02
-9.656484744426688849e+01 1.072922826270372951e+02
-9.650978708462045574e+01 1.067477980635246126e+02
-9.643882294069135241e+01 1.062428732824475901e+02
-9.635770505183543833e+01 1.056626737821720212e+02
-9.628921906654784379e+01 1.051602532895397530e+02
-9.621241036229704946e+01 1.046125465630240967e+02
-9.613371509424814576e+01 1.040226964015747058e+02
-9.605165448561874086e+01 1.034834280970013936e+02
-9.595592627669057606e+01 1.028238546243032090e+02
-9.587286649523694848e+01 1.022211635509551115e+02
-9.579468949727288418e+01 1.016758176577687323e+02
-9.572106241695320250e+01 1.011586740429083591e+02
-9.565126316953292473e+01 1.006503351247175146e+02
-9.557182820706549364e+01 1.000368290315496722e+02
-9.549422487725826159e+01 9.949193000671655795e+01
-9.541876636828459368e+01 9.891693048245556952e+01
-9.536267100633071436e+01 9.840623078685209180e+01
-9.528227508760640774e+01 9.783817037497921376e+01
-9.521965144058700048e+01 9.731403960459046232e+01
-9.515053682401486412e+01 9.678844157926315006e+01
-9.508425108112280100e+01 9.620511525835065925e+01
-9.501911277640982689e+01 9.568876908256044089e+01
-9.494923942198217048e+01 9.511836335476131410e+01
-9.488404559964234863e+01 9.459215919598932487e+01
-9.480324294843667587e+01 9.405003540233553849e+01
-9.472031331000562204e+01 9.345729798051665682e+01
-9.462182971511485619e+01 9.273961339856725772e+01
-9.453566351501478948e+01 9.212698447322486572e+01
-9.446834313632260205e+01 9.160661848910783078e+01
-9.438722598220209647e+01 9.102327630569961059e+01
-9.431261894230671317e+01 9.048327405819912883e+01
-9.424317171153099082e+01 8.994666948571946818e+01
-9.416503243793076194e+01 8.938542010535468307e+01
-9.409092405053371522e+01 8.876041274734848230e+01
-9.400899375570887173e+01 8.821219563789435369e+01
-9.393394226289888138e+01 8.758838460753193544e+01
-9.384600099996860934e+01 8.694962741501146297e+01
-9.378086271184045586e+01 8.640571688241573156e+01
-9.370497933368766041e+01 8.580149421096641049e+01
-9.363911974976647912e+01 8.523510820262126231e+01
-9.357664454635417428e+01 8.468188202750886262e+01
-9.351422477685193257e+01 8.413256384013922684e+01
-9.344183671377592759e+01 8.352952144352835262e+01
-9.337814145105869557e+01 8.299538932996020435e+01
-9.330978589362644016e+01 8.248722597539548929e+01
-9.322295491795192390e+01 8.189921009973068067e+01
-9.311986816622214747e+01 8.130859419675229560e+01
-9.300542593870207497e+01 8.067979048042680290e+01
-9.289544091649223390e+01 8.007481818289669206e+01
-9.280439427991912282e+01 7.957085032762387300e+01
-9.270879759446980017e+01 7.902296796041744642e+01
-9.262107935536620573e+01 7.845796995652243311e+01
-9.254845123352953351e+01 7.784583525391740011e+01
-9.248684544401641006e+01 7.726099333758408250e+01
-9.241682475654043571e+01 7.661620608907530539e+01
-9.236679586592119051e+01 7.604438030388104153e+01
-9.230650339639956314e+01 7.549453569855781154e+01
-9.223942433145364816e+01 7.496161585735124788e+01
-9.217336196286473182e+01 7.442789805411962334e+01
-9.207952194617428177e+01 7.377223215574409210e+01
-9.199148826713899041e+01 7.307518796772177438e+01
-9.191825104716762951e+01 7.257693038133973573e+01
-9.183937320302172225e+01 7.208112920431354098e+01
-9.176349143411383125e+01 7.158429126155458277e+01
-9.168514989321386111e+01 7.108118431967616857e+01
-9.159659894832537930e+01 7.045955825990711219e+01
-9.150915858750545340e+01 6.990846968800438788e+01
-9.141402426710077123e+01 6.927864483254241179e+01
-9.132445673058981583e+01 6.867981354172023600e+01
-9.125685959097793898e+01 6.811047624907945419e+01
-9.119381225816438530e+01 6.759928182395191243e+01
-9.113037614412014875e+01 6.702432958379435490e+01
-9.107455981836861270e+01 6.652235499837300381e+01
-9.106668115201065916e+01 6.645984141267979339e+01
-9.036466624655278679e+01 6.258280780950890687e+01
-9.026971770121761551e+01 6.202551387934995830e+01
-9.019291111990858667e+01 6.145092849971027249e+01
-9.013269373876433121e+01 6.094873062779596040e+01
-9.007145899746413420e+01 6.042973581680098505e+01
-9.002986422994784732e+01 5.989710244018509400e+01
-8.997972538615110238e+01 5.934251995428917326e+01
-8.992906868086500083e+01 5.877988198637718398e+01
-8.986877723547104324e+01 5.827411083867208674e+01
-8.977823033419076637e+01 5.768274472208947401e+01
-8.967808523607013171e+01 5.707354493834276354e+01
-8.958310051721124978e+01 5.657790326439849338e+01
-8.947966408609092070e+01 5.604680160032200575e+01
-8.937295436423281103e+01 5.553568700941106329e+01
-8.927354965438823342e+01 5.504077900939688561e+01
-8.916082960483483077e+01 5.452952085630865042e+01
-8.905465627769757475e+01 5.399741424353176455e+01
-8.896052191011850141e+01 5.342909779133486836e+01
-8.887237924517367560e+01 5.286756051474552720e+01
-8.880589287680280108e+01 5.237104117270773429e+01
-8.873311859668777402e+01 5.180835548032351312e+01
-8.867047843856802558e+01 5.122041853532088140e+01
-8.859971970863314539e+01 5.063157240326148667e+01
-8.852245167649138580e+01 5.009814155517700129e+01
-8.843798960849595403e+01 4.955306616544014986e+01
-8.832774723730790356e+01 4.888526074053683601e+01
-8.824051138869168653e+01 4.837725643243604168e+01
-8.813167482480184844e+01 4.776743435728126030e+01
-8.802350433901744964e+01 4.718069405446440356e+01
-8.791834813119984915e+01 4.657206833920984934e+01
-8.780694122219230735e+01 4.595956647586493915e+01
-8.770491040170855968e+01 4.534491106506204261e+01
-8.760927814961681293e+01 4.471679255020679022e+01
-8.751786277206974773e+01 4.412233159531702142e+01
-8.742543011781702944e+01 4.351555607911480195e+01
-8.733063005301400494e+01 4.286180359799951844e+01
-8.724173006045600687e+01 4.232853219610019835e+01
-8.715922854331230951e+01 4.177126974764881595e+01
-8.707781860333631130e+01 4.127181531554172977e+01
-8.697229293999161825e+01 4.065728750968477812e+01
-8.688485388004737331e+01 4.006306573750234179e+01
-8.678069636216761751e+01 3.939454224908823221e+01
-8.668480585190742715e+01 3.880941276740303891e+01
-8.660579962397106613e+01 3.817354173053571742e+01
-8.651236868901688126e+01 3.756595260626266963e+01
-8.642664932462776051e+01 3.687423570579204579e+01
-8.635572527755968508e+01 3.635626155121291703e+01
-8.627629424206895692e+01 3.582056540185470794e+01
-8.620146802724204349e+01 3.531823952144544876e+01
-8.610761221103939533e+01 3.482347469911068316e+01
-8.601721464228144498e+01 3.431693771288039585e+01
-8.589868834615781168e+01 3.373581197326474523e+01
-8.577400374620970069e+01 3.313321564528343544e+01
-8.567987061318952158e+01 3.261288069327899564e+01
-8.557390144993952674e+01 3.201428809633850392e+01
-8.547860319184911759e+01 3.145801458623026292e+01
-8.538123378399646413e+01 3.089419609003121892e+01
-8.530429955225359606e+01 3.034116064159046289e+01
-8.522721747683924320e+01 2.980466681442219112e+01
-8.514022287099487585e+01 2.921880338669403088e+01
-8.505461484633021030e+01 2.855643685898472128e+01
-8.497505498936433810e+01 2.799863201628858533e+01
-8.488848546204903300e+01 2.734650629636204755e+01
-8.480888815168944461e+01 2.667303761944801366e+01
-8.472022922365283648e+01 2.608012359401286773e+01
-8.462687316048950947e+01 2.550142232451141666e+01
-8.453351708168345624e+01 2.496328545930511211e+01
-8.443178360923336356e+01 2.443224701185782166e+01
-8.433938926287601134e+01 2.389833725312644219e+01
-8.422968510845555556e+01 2.333340203321816375e+01
-8.411511704148885826e+01 2.276395251660348151e+01
-8.400833484351538516e+01 2.219900130281738271e+01
-8.387941602776118089e+01 2.156638421902074043e+01
-8.378391471343273622e+01 2.101248724350258357e+01
-8.368312450005159064e+01 2.045969095946852434e+01
-8.357427097905417668e+01 1.979560162208044360e+01
-8.347930606438293921e+01 1.918247701226274415e+01
-8.338398989357223456e+01 1.853440286473532694e+01
-8.328850725310934422e+01 1.790334884664456183e+01
-8.320397263560835199e+01 1.735268991172961250e+01
-8.316737362833711700e+01 1.709038477677326995e+01
-8.264474424373459271e+01 1.391801451824432867e+01
-8.257400642690043924e+01 1.339340427048869131e+01
-8.246890725493415175e+01 1.269752357356669670e+01
-8.239739256263766265e+01 1.219725514206838213e+01
-8.232915127685154744e+01 1.168440103756119086e+01
-8.225589835747766188e+01 1.115360159212326252e+01
-8.219353798501165898e+01 1.053991852949261343e+01
-8.213929612317667761e+01 9.967709133566124535e+00
-8.207688021477949292e+01 9.298116314291171136e+00
-8.202509792801834010e+01 8.721265024714917047e+00
-8.197155886672311453e+01 8.119625234134122849e+00
-8.191650339089098054e+01 7.521399045101986758e+00
-8.186085609601735769e+01 6.860611370576084056e+00
-8.181072001949137018e+01 6.280011497477648419e+00
-8.175830931525501910e+01 5.687878744548669374e+00
-8.170212591319831574e+01 4.994294934141958464e+00
-8.163843415370979528e+01 4.362810006468741619e+00
-8.154727971190091296e+01 3.667997932843764630e+00
-8.147288038687995027e+01 3.084271561158683284e+00
-8.137880421030840239e+01 2.425493738849727521e+00
-8.130042908289678394e+01 1.862424444807619039e+00
-8.121883595958354363e+01 1.264421525990133688e+00
-8.112544416109909662e+01 5.845877930663405664e-01
-8.105642661594620790e+01 3.147216165416111266e-02
-8.097953103707367006e+01 -5.830086086514967292e-01
-8.090383759616815951e+01 -1.151262158935765001e+00
-8.082585102687203005e+01 -1.820966779651101319e+00
-8.075897904760310553e+01 -2.397754363330253824e+00
-8.068330415173878123e+01 -3.130818061792542295e+00
-8.061036620830074639e+01 -3.833701667343156316e+00
-8.055072530768919137e+01 -4.442200706217295902e+00
-8.048605422139172560e+01 -5.083575645178921576e+00
-8.045751925769653212e+01 -5.611296663769909543e+00
-8.045901690885301605e+01 -5.575980190302562534e+00
-7.618981003991399348e+01 -5.385968955405850522e+00
-7.627118079288950980e+01 -4.764517098624107660e+00
-7.632390518408004709e+01 -4.227272861343813304e+00
-7.635234797295396447e+01 -3.673215838024496804e+00
-7.638334265059614836e+01 -2.952163280315204474e+00
-7.644411187285103892e+01 -2.319322137515346327e+00
-7.653256574318596961e+01 -1.670641221893713890e+00
-7.666505251210561767e+01 -1.032073522590263082e+00
-7.679637440819685423e+01 -4.151040772715752780e-01
-7.690154652854376138e+01 1.793738365192361073e-01
-7.696361038599526694e+01 7.810139342298896281e-01
-7.700355629187809825e+01 1.450176433703674661e+00
-7.702153191179853309e+01 2.112559570074267867e+00
-7.704707159757107604e+01 2.681610893304309684e+00
-7.711359276923464279e+01 3.253023013136925101e+00
-7.719100638186203867e+01 3.802613560532485337e+00
-7.734000832738618669e+01 4.472876649878354982e+00
-7.744349781180852688e+01 5.055773750603794525e+00
-7.753089807776835585e+01 5.630232548067873211e+00
-7.760629627097333127e+01 6.208200669877204092e+00
-7.766371872922877628e+01 6.765958324120685319e+00
-7.772042013008866945e+01 7.335807166068118335e+00
-7.777024205302085136e+01 7.956317754536893716e+00
-7.782104418795077549e+01 8.639692918375136088e+00
-7.788395920868720168e+01 9.321712155225835517e+00
-7.795671289034680740e+01 9.944647303071395328e+00
-7.803900935054390686e+01 1.056319580216212017e+01
-7.814235138119082080e+01 1.118069148784089073e+01
-7.824948444324473940e+01 1.182439532445242847e+01
-7.837226327617901234e+01 1.254359727615100262e+01
-7.846970576162782152e+01 1.311931610736500176e+01
-7.855599675551371774e+01 1.361424097698909996e+01
-7.864439594624984409e+01 1.413645871355812034e+01
-7.867381921270093414e+01 1.428169643103754183e+01
-7.908963045515196200e+01 1.750895685614334951e+01
-7.915282371473571743e+01 1.810029217733736573e+01
-7.922417234410988840e+01 1.864661250733237807e+01
-7.930045877175041369e+01 1.920401906791276048e+01
-7.939061508583705518e+01 1.976609930879205024e+01
-7.947733169861345459e+01 2.026804270567606991e+01
-7.958657352261880646e+01 2.086756092853489974e+01
-7.968936109125598932e+01 2.146865832644496663e+01
-7.981125259970622210e+01 2.210044625291102349e+01
-7.991986583998733806e+01 2.274177313005855083e+01
-8.005350095179989012e+01 2.348306753502652100e+01
-8.014720834791020820e+01 2.406108317857240309e+01
-8.025820727364842355e+01 2.471829759774047375e+01
-8.037564243169306621e+01 2.544191787184356102e+01
-8.048085305918453969e+01 2.609460208965386130e+01
-8.058987346033070764e+01 2.677505772419281627e+01
-8.068322966191200862e+01 2.732903453718835962e+01
-8.078315137656167622e+01 2.802079971749419229e+01
-8.089287468580862139e+01 2.871610608587274882e+01
-8.101519211008562138e+01 2.940657914702867970e+01
-8.109606517498706069e+01 2.992988131467820168e+01
-8.120245997229307022e+01 3.061217137000373967e+01
-8.131800885793549583e+01 3.130980656447703581e+01
-8.142863865881670904e+01 3.202181402040979918e+01
-8.153299905966247252e+01 3.268062347592911010e+01
-8.163667505415787673e+01 3.330451522441131118e+01
-8.174184944829076471e+01 3.395375389364405549e+01
-8.181734109849183767e+01 3.445172515770612165e+01
-8.192218256787282371e+01 3.513519547181646629e+01
-8.203475438844995438e+01 3.585353553091486134e+01
-8.212252577302305667e+01 3.636501756136716068e+01
-8.224384510454645181e+01 3.705946238596924047e+01
-8.237100837014830290e+01 3.775495995194471988e+01
-8.248110224454475770e+01 3.846682369254140355e+01
-8.255805516387889043e+01 3.898795634224791939e+01
-8.266123247402117613e+01 3.964954123532798036e+01
-8.276579684055209896e+01 4.033061872161633943e+01
-8.284073414681945735e+01 4.083037652021430119e+01
-8.291496889667241987e+01 4.136122366054337363e+01
-8.303310782048386329e+01 4.211189711565281613e+01
-8.312626157566694474e+01 4.268937016237001814e+01
-8.324514016733601807e+01 4.345339481205111554e+01
-8.336812443214387258e+01 4.421651023559115856e+01
-8.349434491572768025e+01 4.495041854375870827e+01
-8.359852088027952277e+01 4.552025076424401107e+01
-8.368375898390914358e+01 4.598673370657235893e+01
-8.429668302789407619e+01 4.932131166098835706e+01
-8.441754099338831452e+01 5.003974715574579335e+01
-8.451820334429541504e+01 5.063104977457666678e+01
-8.462093740349297377e+01 5.128303163746786453e+01
-8.470763732995173712e+01 5.188908934472391365e+01
-8.478342604431153973e+01 5.245250899647997045e+01
-8.486352415797696835e+01 5.306780272757323047e+01
-8.495279526145598936e+01 5.369482078869526021e+01
-8.504138234343479041e+01 5.443086657000210948e+01
-8.512479118123158628e+01 5.510285159167221991e+01
-8.520013667524402479e+01 5.576564849350543795e+01
-8.526427519630152574e+01 5.640943142115876441e+01
-8.534224632588123427e+01 5.696524216807611651e+01
-8.542016258798167883e+01 5.758648577416717984e+01
-8.550244319996039621e+01 5.816541030730829220e+01
-8.556843056644930812e+01 5.867303195983800634e+01
-8.563968866393710755e+01 5.921553924715705364e+01
-8.571655051653344515e+01 5.978037855587439964e+01
-8.578379574634647042e+01 6.036013237297053280e+01
-8.586709357702760315e+01 6.099042016832250113e+01
-8.595497779264675842e+01 6.162838051859670685e+01
-8.605281184323733612e+01 6.229668050070192464e+01
-8.614689150430339737e+01 6.287769452021356642e+01
-8.625151266634976821e+01 6.350884371431295961e+01
-8.635826056683379193e+01 6.417396922271910853e+01
-8.648157893313103273e+01 6.489264351563846844e+01
-8.658558962003706938e+01 6.551015404450895119e+01
-8.666966435964943116e+01 6.609772396091052826e+01
-8.675037307230525130e+01 6.665860709976283260e+01
-8.686710793866808444e+01 6.735471022339754654e+01
-8.694807572758499248e+01 6.795539200649531608e+01
-8.703292705767393045e+01 6.850858653904093387e+01
-8.710614605799054289e+01 6.904611693307855091e+01
-8.716921207028217111e+01 6.959092109437425222e+01
-8.724002677952813656e+01 7.009165160389149207e+01
-8.731446750812881419e+01 7.079011581292870403e+01
-8.737733042934728189e+01 7.133999267761787166e+01
-8.744091480681282746e+01 7.194898529929837139e+01
-8.749368054806043915e+01 7.256271551931141062e+01
-8.757017352325711101e+01 7.315580466283914518e+01
-8.763455263894057623e+01 7.369312747669934538e+01
-8.771559453589632938e+01 7.422220348342216312e+01
-8.782550490754417183e+01 7.478109248282363808e+01
-8.794752897391470015e+01 7.542185990463605094e+01
-8.807744961193718325e+01 7.598684241073240742e+01
-8.819398052487838413e+01 7.655338778765346319e+01
-8.828874460630959220e+01 7.709704308453132171e+01
-8.835190344082914748e+01 7.760091600884675245e+01
-8.840539041827838673e+01 7.814929332157073816e+01
-8.845266406320348551e+01 7.875731299877958236e+01
-8.849007989673080488e+01 7.926198346199555544e+01
-8.853210063207066582e+01 7.976946132671352530e+01
-8.860748522991787013e+01 8.048263255236271618e+01
-8.866844326515368380e+01 8.098408065184193561e+01
-8.873948054715393141e+01 8.148685290330658404e+01
-8.882072654476412765e+01 8.206574497587476458e+01
-8.888331098113036433e+01 8.241726577029902501e+01
-8.946029598778932268e+01 8.583367122412361994e+01
-8.953536480539862907e+01 8.635244228574634917e+01
-8.961387376055759546e+01 8.691176179609647079e+01
-8.970562480068937816e+01 8.755273656448605379e+01
-8.978652003221387190e+01 8.816364303614518860e+01
-8.983486646286183941e+01 8.869661140786560338e+01
-8.988504348746535300e+01 8.922487385218326494e+01
-8.994454129318782520e+01 8.977757364294515696e+01
-8.999745565582804829e+01 9.032654106409759720e+01
-9.005638041200117527e+01 9.089114068633921306e+01
-9.012649487180939900e+01 9.157741768115195669e+01
-9.019181880257474404e+01 9.221386215023457567e+01
-9.027432325213308673e+01 9.282703364869817619e+01
-9.035327669950862628e+01 9.341884610857680116e+01
-9.043324766838819073e+01 9.402482363780140417e+01
-9.052000617519610159e+01 9.468561007512771255e+01
-9.061974686076021612e+01 9.534172240748807781e+01
-9.072290932921049489e+01 9.604103118988237497e+01
-9.081917299948412392e+01 9.665093238317811597e+01
-9.091828518611632148e+01 9.728551065302897882e+01
-9.100448854030294399e+01 9.787839195960111738e+01
-9.109069175436076193e+01 9.846537111447460688e+01
-9.117234547108625975e+01 9.903552156734461676e+01
-9.127045905067728881e+01 9.967413536549651099e+01
-9.134795190640724627e+01 1.002557070366995617e+02
-9.142912484132924078e+01 1.008176903771750972e+02
-9.151140741560797665e+01 1.013932801162507786e+02
-9.158677380708502369e+01 1.019823331207128660e+02
-9.167456870770513433e+01 1.026799989785126286e+02
-9.174740149095674724e+01 1.032813502978265490e+02
-9.182064136194372850e+01 1.038917940375295359e+02
-9.189428849129714649e+01 1.045659154941423594e+02
-9.196664036069122972e+01 1.051262559641322412e+02
-9.202525160631077483e+01 1.056942212078449188e+02
-9.209371994805114525e+01 1.062744050662626307e+02
-9.215793503818377985e+01 1.068877677377045927e+02
-9.223494785441606325e+01 1.075246745594512845e+02
-9.230362030603842527e+01 1.081733855048639441e+02
-9.238292606832405340e+01 1.087835417190641891e+02
-9.248618150317783204e+01 1.094368464828764331e+02
-9.257060962214013955e+01 1.100084640233147866e+02
-9.266763228473455172e+01 1.105927472662032756e+02
-9.275845947555657744e+01 1.111740314918019408e+02
-9.284784385851592958e+01 1.117223122542324916e+02
-9.293501008900165061e+01 1.123338088909620893e+02
-9.300863841071080174e+01 1.129015825061580642e+02
-9.309290062920575792e+01 1.134980364371331376e+02
-9.316834152214664755e+01 1.140875676340140217e+02
-9.323975056176468001e+01 1.146374438029571081e+02
-9.330514899415294394e+01 1.151655941671669154e+02
-9.338247691155112307e+01 1.158088177810975878e+02
-9.345309098309860474e+01 1.163704182593309895e+02
-9.351281230208216755e+01 1.169317953400690442e+02
-9.358357426170761073e+01 1.175032694419850827e+02
-9.366968755643921440e+01 1.182269039175937735e+02
-9.374052382552181939e+01 1.187873560661935528e+02
-9.382271463036552461e+01 1.193446810788852872e+02
-9.390610751485584728e+01 1.198754792249412162e+02
-9.398112263249403497e+01 1.204019543449959144e+02
-9.407243128729372472e+01 1.209794900091445413e+02
-9.418184635683535078e+01 1.216653037108138165e+02
-9.427618760943138909e+01 1.222146052485145447e+02
-9.437271132374844740e+01 1.227562983124730778e+02
-9.438578674655029488e+01 1.228140740361581322e+02
-9.474150032595341031e+01 1.269133097991448267e+02
-9.482465339722324416e+01 1.274555132330996798e+02
-9.492119590973638310e+01 1.280534819402753328e+02
-9.503915358094619137e+01 1.285957805361480268e+02
-9.517586441125700958e+01 1.291969715903955773e+02
-9.526025672049985360e+01 1.297726724507780318e+02
-9.530190993629801710e+01 1.302732906912805504e+02
-9.531556602906880471e+01 1.309260537975909244e+02
-9.536911268424364607e+01 1.315998243425796943e+02
-9.544725448870642026e+01 1.321862924557221959e+02
-9.556317914031873784e+01 1.328278244226715401e+02
-9.568476214178033956e+01 1.334122662879404402e+02
-9.579362249426824860e+01 1.340501137646217558e+02
-9.587263502685553362e+01 1.347342205995503264e+02
-9.592810332004196994e+01 1.352617485090750620e+02
-9.597404733781260688e+01 1.357772491342697094e+02
-9.602644778896296884e+01 1.364613720066158749e+02
-9.608611558617462833e+01 1.370617346238033178e+02
-9.612242436794093692e+01 1.375628470955143996e+02
-9.618756534079065545e+01 1.381179869019535715e+02
-9.627421556451935203e+01 1.387808142924066317e+02
-9.635825706988288175e+01 1.393711741518571614e+02
-9.647072381858876611e+01 1.399950321089468162e+02
-9.658833123450452263e+01 1.406028424039283777e+02
-9.671413169061287363e+01 1.412342448529023500e+02
-9.683478975886534101e+01 1.417465865759170356e+02
-9.694094917663747424e+01 1.422926493331516724e+02
-9.705017830464926476e+01 1.428230317841174326e+02
-9.714801740054525681e+01 1.434715668474843540e+02
-9.719869677302469313e+01 1.440389092585129447e+02
-9.721965739981698107e+01 1.445855318465309267e+02
-9.721912801940175086e+01 1.451020859350331875e+02
-9.719365324203222656e+01 1.457610548515006599e+02
-9.714789119873017853e+01 1.464138669100050834e+02
-9.708026886210323880e+01 1.469874964992611410e+02
-9.701549354262228064e+01 1.475000798107280104e+02
-9.699086318181417710e+01 1.477033170561753082e+02
