-6.467570810884407706e+01 1.572324054960877504e+02
-6.500881990374942632e+01 1.578498312775593320e+02
-6.506571698036204054e+01 1.585074167887837575e+02
-6.513364140036689776e+01 1.595898024988974839e+02
-6.517752294108410638e+01 1.605517717443613890e+02
-6.519056916072247532e+01 1.611439996449464047e+02
-6.530905146084579371e+01 1.620425904555251577e+02
-6.552396711016760378e+01 1.635110130205871428e+02
-6.558854480935153219e+01 1.646536611908018131e+02
-6.493347999891105360e+01 1.652240324524954076e+02
-6.425715969563498220e+01 1.653859666118441112e+02
-6.361567824042596442e+01 1.654165381515975923e+02
-6.280396569837147069e+01 1.654796702024851527e+02
-6.198319005245728874e+01 1.654036122008443783e+02
-6.123024984869361731e+01 1.655117890177089066e+02
-6.076752672846262726e+01 1.655528557808457890e+02
-6.016431159361388126e+01 1.657171514193747157e+02
-5.942331788954511751e+01 1.658046710945534983e+02
-5.853459894999555502e+01 1.658506419537400518e+02
-5.785378403819998283e+01 1.659442253510602825e+02
-5.726739598789903596e+01 1.661021350556735001e+02
-5.682740158007402442e+01 1.661777357433839768e+02
-5.628153140572845814e+01 1.661716835816821458e+02
-5.576717282870095715e+01 1.661613685558640725e+02
-5.504973863881228624e+01 1.660775098806973915e+02
-5.450816043756893237e+01 1.661822080348741224e+02
-5.402833115677645992e+01 1.662483185787671687e+02
-5.351255021264000789e+01 1.663444315703719667e+02
-5.314758477712844353e+01 1.664647763853080562e+02
-5.242534428384136902e+01 1.665545155286290537e+02
-5.196106708235654992e+01 1.665985472783334558e+02
-5.140909479643387670e+01 1.666354208749454529e+02
-5.076916725016761234e+01 1.666836988390898568e+02
-5.025852790903100242e+01 1.667221833060931147e+02
-4.989636777950157409e+01 1.665049617197711029e+02
-4.983891967580792226e+01 1.660059215800580716e+02
-4.985843868636040810e+01 1.653615613663234569e+02
-4.976374269433682684e+01 1.647494881858438305e+02
-4.976179281057019921e+01 1.642136947760974692e+02
-4.960760083917826080e+01 1.634225513914135774e+02
-4.956888566799862161e+01 1.628842847749650105e+02
-4.945640057337729445e+01 1.623848602212382843e+02
-4.941214071877182334e+01 1.619782454201585722e+02
-4.935920301634401142e+01 1.613758056011780297e+02
-4.933027160223308982e+01 1.608529173444657090e+02
-4.926572118886907958e+01 1.602825262020010655e+02
-4.926125951653174440e+01 1.599612318749666997e+02
-4.921738791575661764e+01 1.596310202374723701e+02
-5.302184013480393787e+01 1.610610940526908621e+02
-5.702985672518892102e+01 1.605607792526560047e+02
-6.094241212745822622e+01 1.601341639356793678e+02
