-6.045055491141307868e+01 1.537697823431715562e+02
-6.036309429607787536e+01 1.530767526476569458e+02
-6.015889964408836477e+01 1.524869815291428381e+02
-6.005207288321248882e+01 1.519133991084398758e+02
-5.996651441916941394e+01 1.513836515065611366e+02
-5.993656228014619103e+01 1.506689598772242107e+02
-5.994066160184677017e+01 1.501654063935741874e+02
-5.999301617662419517e+01 1.501358159764990319e+02
-5.754876039563346524e+01 1.503078685971250934e+02
-5.760057048681139236e+01 1.509352259007486055e+02
-5.765051101001867551e+01 1.515632645069504179e+02
-5.774246912342743343e+01 1.521315199567902425e+02
-5.781818977023029760e+01 1.527575648953427674e+02
-5.791897033129367145e+01 1.534345439466488870e+02
-5.807428667392976251e+01 1.539860810790228811e+02
-5.807702485894195377e+01 1.540339685575067961e+02
-6.028704278431646202e+01 1.501044834409634632e+02
-6.087633657389660158e+01 1.501246710661313557e+02
-6.143485643307742805e+01 1.501090471843072010e+02
-6.197682650520258107e+01 1.501879530466016490e+02
-6.251462043544466241e+01 1.501331663971632793e+02
-6.289219570629603595e+01 1.496896497182586359e+02
-6.360341114049644062e+01 1.496980507017443074e+02
-6.423414615131891026e+01 1.498466845578717823e+02
-6.485572654191113884e+01 1.497207703223594990e+02
-6.545918449266852690e+01 1.496482945530838151e+02
-6.604509202049241878e+01 1.495624996254661596e+02
-6.662691266424246805e+01 1.495079211223314815e+02
-6.715463998039331273e+01 1.494079787501964347e+02
-6.769416672221122155e+01 1.493974267231346857e+02
-6.830738922835644189e+01 1.493341386524479049e+02
-6.894409897967977940e+01 1.492803742688476234e+02
-6.955081147997979940e+01 1.491937652921716904e+02
-7.005780827404052502e+01 1.491620786862156365e+02
-7.066008254797816335e+01 1.490745769437869228e+02
-7.129359273810942454e+01 1.490177655349280883e+02
-7.186046995460486642e+01 1.488980898300480078e+02
-7.250078572257704934e+01 1.488669434556749707e+02
-7.312491945429967188e+01 1.488395452097112752e+02
-7.371249125292655435e+01 1.487770065876471506e+02
-7.436493818725256233e+01 1.487013717176838554e+02
-7.501708905236336022e+01 1.486321488234174524e+02
-7.569117294361845438e+01 1.485456663199206275e+02
-7.630711331176239298e+01 1.484549093763257019e+02
-7.695809935381137734e+01 1.483985116591416045e+02
-7.750369142539815925e+01 1.483224000643305942e+02
-7.812906447212114358e+01 1.482694648439911589e+02
-7.863563565035879321e+01 1.482169776808476627e+02
-7.914790279218472335e+01 1.481744119537804636e+02
-7.980809862794319542e+01 1.481028289059968870e+02
-8.044887586793143441e+01 1.480181175187620113e+02
-8.095626002901093443e+01 1.479151600051898470e+02
-8.145918849885885038e+01 1.478858666051870614e+02
-8.196368882074011708e+01 1.478582478809560712e+02
-8.248756989176413867e+01 1.478187128272630275e+02
-8.318380883351346711e+01 1.477291355204634442e+02
-8.380324563104829849e+01 1.476695650220932805e+02
-8.430432408057463078e+01 1.476172690703480725e+02
-8.487133113540737384e+01 1.475346963618851532e+02
-8.538596508423236742e+01 1.474458401459010020e+02
-8.592310625857558648e+01 1.474011373508549809e+02
-8.643487332239918430e+01 1.472985306904581648e+02
-8.699753564359372149e+01 1.472841827528295653e+02
-8.761151636210452409e+01 1.472103193277851005e+02
-8.824435983060131150e+01 1.471100078961262625e+02
-8.892770831545766441e+01 1.470019108059541395e+02
-8.945759758372109616e+01 1.468301539193213898e+02
-8.998042606340301575e+01 1.468508366939981897e+02
-9.061351064638094499e+01 1.467807058396008983e+02
-9.115222361216621039e+01 1.467801712800620635e+02
-9.174425163721694787e+01 1.466516901768498542e+02
-9.235991537520197880e+01 1.466059646482976291e+02
-9.296677540560094144e+01 1.465285112653102715e+02
-9.358887217292638638e+01 1.462895502780465335e+02
-9.376327507823273777e+01 1.456826443031046949e+02
-9.371006218705414881e+01 1.451041202940993173e+02
-9.357874975750576141e+01 1.444006337802508995e+02
-9.347436484677402291e+01 1.438093802724018531e+02
-9.329818880108055623e+01 1.432379234718075054e+02
-9.331405644760775431e+01 1.432734467549282158e+02
-9.332825675071211435e+01 1.430760957565611875e+02
-9.329503479518984932e+01 1.424681248219606573e+02
-9.319671668540044607e+01 1.418409187394311743e+02
-9.313444303197397289e+01 1.413160395048124087e+02
-9.304516960639931256e+01 1.406466446215023041e+02
-9.300856589406218689e+01 1.400718395941736674e+02
-9.292487787208079908e+01 1.395596111920120563e+02
-9.279020358906267063e+01 1.389671814352642514e+02
-9.262575216091298103e+01 1.383772522444895401e+02
-9.245745472558428446e+01 1.378729973541925347e+02
-9.256736848224959147e+01 1.372860744340568147e+02
-9.246416274179426864e+01 1.366127771399371795e+02
-9.230555509018915927e+01 1.359954434431323307e+02
-9.225961003731981691e+01 1.354422326886777910e+02
-9.216106788898991908e+01 1.347541532518130225e+02
-9.209988394325871752e+01 1.341567096913183263e+02
-9.210065035673042644e+01 1.334186364417607820e+02
-9.193656856159158508e+01 1.327329517988390535e+02
-9.180198320648761978e+01 1.320200851609901065e+02
-9.171531490501722317e+01 1.313812638410283853e+02
-9.160514198441855171e+01 1.307381526339427182e+02
-9.153757899307979073e+01 1.302242306019197144e+02
-9.145274185262812239e+01 1.295543845584652161e+02
-9.131643821715326226e+01 1.289283099813152944e+02
-9.123204415116495625e+01 1.282541240012980666e+02
-9.113747885387199688e+01 1.275489611680215347e+02
-9.105020046245331855e+01 1.268786521172038277e+02
-9.091165924514000096e+01 1.263897892396070120e+02
-9.091674474686593044e+01 1.263850354763958421e+02
-9.138752910656725703e+01 1.262039965325209891e+02
-9.207381849616561453e+01 1.260825342095821640e+02
-9.265364536733386558e+01 1.262424730248147142e+02
-9.319160260517402605e+01 1.263534734727983562e+02
-9.375645044467543698e+01 1.265634520459987584e+02
-9.427711781742561925e+01 1.268343489874479815e+02
-9.435924700417378119e+01 1.268388620414412742e+02
-9.405439123223214892e+01 1.228526244765053548e+02
-9.348694199767943758e+01 1.230189258368527589e+02
-9.289435956691210095e+01 1.232363820796368543e+02
-9.231144952160293826e+01 1.235125548820683719e+02
-9.188928448279044403e+01 1.238384617755715311e+02
-9.135022058051153238e+01 1.239846616464300695e+02
-9.074513492051221419e+01 1.240704549278701450e+02
-9.065730950689179224e+01 1.240624004154850297e+02
-9.055810613597641634e+01 1.235573177286309203e+02
-9.048037278714801346e+01 1.230437954402183607e+02
-9.037495334843634964e+01 1.224622716720069207e+02
-9.030715029266333715e+01 1.219174839787487912e+02
-9.024705909375853707e+01 1.214117128487540072e+02
-9.015375450293328186e+01 1.208841857236454587e+02
-9.002880680315001882e+01 1.203597522892616780e+02
-9.002425180047922026e+01 1.198421771381185152e+02
-8.988371403475166233e+01 1.192863676887688484e+02
-8.983312877636730320e+01 1.187024199433329983e+02
-8.982464057334725283e+01 1.181881224290625880e+02
-8.971032156045443173e+01 1.174697954255602212e+02
-8.954668291870787300e+01 1.168961173092120589e+02
-8.943427336981240217e+01 1.163289337219147512e+02
-8.926518080468076732e+01 1.156792821825178805e+02
-8.915585988322300182e+01 1.150826049929565045e+02
-8.910974881522297153e+01 1.144467181685516266e+02
-8.905176762808802948e+01 1.138905269863549705e+02
-8.894965681779413558e+01 1.131561558488699291e+02
-8.887822715636769999e+01 1.124726853153865704e+02
-8.875159767947350531e+01 1.119416488460422698e+02
-8.861771492402387196e+01 1.111848820600983032e+02
-8.852008323426915126e+01 1.106840409335531774e+02
-8.846755344095366524e+01 1.099299056136023580e+02
-8.836599857989467921e+01 1.091840825412662781e+02
-8.823158143160866018e+01 1.084770377748446322e+02
-8.814001389858592006e+01 1.078251043891571044e+02
-8.804082627504567427e+01 1.071023944816755318e+02
-8.791796904039154015e+01 1.064843590460157117e+02
-8.784258300437618061e+01 1.058301280387458689e+02
-8.780886325622481081e+01 1.051803636275104452e+02
-8.771814569665792760e+01 1.044689309896814677e+02
-8.761923693141631020e+01 1.038334119110463547e+02
-8.748983156986935228e+01 1.030992495302069756e+02
-8.741792245927059923e+01 1.023447489149666865e+02
-8.734943602000706164e+01 1.018431886108419349e+02
-8.727443802628570779e+01 1.010596401304380549e+02
-8.720228970943135494e+01 1.005111191159832629e+02
-8.713215773674524200e+01 9.995948819181725753e+01
-8.703330846052887182e+01 9.933507534045344300e+01
-8.698300267407493891e+01 9.868941288935317857e+01
-8.688962141048858712e+01 9.803420709606700711e+01
-8.681625233822977350e+01 9.753934567662815880e+01
-8.672963754318726615e+01 9.676461463214734238e+01
-8.661462215264039344e+01 9.622525049130510411e+01
-8.654706065133598258e+01 9.562464873712971780e+01
-8.647056853765947437e+01 9.503242329419330758e+01
-8.637232857452457324e+01 9.445752150778886858e+01
-8.622537356264717801e+01 9.369624183043492849e+01
-8.618712021996871897e+01 9.302171719493173896e+01
-8.604384644916555658e+01 9.252912168451632624e+01
-8.599845818651709806e+01 9.188562607157493289e+01
-8.586683637509267442e+01 9.118580855356044879e+01
-8.578709055968754171e+01 9.053981215336702348e+01
-8.571098492389475609e+01 8.984396472195965089e+01
-8.565597713585103179e+01 8.931574580122993723e+01
-8.554732077830675507e+01 8.872602007445577499e+01
-8.543095570598268296e+01 8.817024184790855657e+01
-8.530561975800141283e+01 8.744971717597917404e+01
-8.521926908886706542e+01 8.685551152733853542e+01
-8.518588308486243932e+01 8.633121940592067745e+01
-8.515103993827430884e+01 8.617990420743284119e+01
-8.563397465661435604e+01 8.592434212526313786e+01
-8.617213179241360876e+01 8.572068617667090962e+01
-8.672445705980376829e+01 8.575942807617511221e+01
-8.739895032019734344e+01 8.583774456604345460e+01
-8.799085237469029153e+01 8.596150734474375099e+01
-8.859605159372597427e+01 8.611286610461456803e+01
-8.886424285384585176e+01 8.606014456082975528e+01
-8.830550878515913382e+01 8.235862316452718801e+01
-8.778190685729981624e+01 8.270161431458097923e+01
-8.719132063105024599e+01 8.290790231431537904e+01
-8.668754160229298122e+01 8.300991511423487168e+01
-8.618753580148262472e+01 8.319843232839212988e+01
-8.561222542268859570e+01 8.340212044395516955e+01
-8.506631832264162085e+01 8.356111157540071588e+01
-8.485525279441316115e+01 8.350427867626262923e+01
-8.479303632255653156e+01 8.298971769192145587e+01
-8.461658873580296358e+01 8.249655093983380993e+01
-8.454579156445376498e+01 8.193397677427520875e+01
-8.451000273152594389e+01 8.140349660847198265e+01
-8.440031363781619689e+01 8.076808876730007114e+01
-8.434392361139863681e+01 8.026721476940967648e+01
-8.427144423464451961e+01 7.975093182898687871e+01
-8.422350455359369903e+01 7.918432128063828657e+01
-8.409040337677129173e+01 7.859678388586399933e+01
-8.401500148929906686e+01 7.801669510136440522e+01
-8.392722696181520803e+01 7.738521073626375824e+01
-8.385078953480534381e+01 7.680478699022046385e+01
-8.373547905977038397e+01 7.625371402434686274e+01
-8.367311497450720026e+01 7.565461097310961236e+01
-8.360337240732775399e+01 7.509916705099109890e+01
-8.351589502776985796e+01 7.460301462111904414e+01
-8.344668820858609593e+01 7.397964939843183174e+01
-8.333970028688310094e+01 7.347320846003906070e+01
-8.330853515385153685e+01 7.294346186394652420e+01
-8.322775125185762590e+01 7.229427124022328144e+01
-8.313724022361203936e+01 7.172394437460172867e+01
-8.302374171348469645e+01 7.111121885703366274e+01
-8.291355386118327431e+01 7.050396487115054356e+01
-8.284103709397888338e+01 6.988345501593019549e+01
-8.277554793961634516e+01 6.933983061894605271e+01
-8.271307418570609116e+01 6.884229039396819871e+01
-8.260780562943199357e+01 6.820113966764338898e+01
-8.252421170003893280e+01 6.763898007733467921e+01
-8.242563822847465360e+01 6.705444091853348709e+01
-8.236560427739266288e+01 6.640627094554474752e+01
-8.228739237923309702e+01 6.588062420242974326e+01
-8.216940057325658131e+01 6.519605396885381765e+01
-8.210467026634729848e+01 6.458374331243732058e+01
-8.196145262707200629e+01 6.390044861015334732e+01
-8.191057376736355877e+01 6.336918650568379974e+01
-8.183783578726239227e+01 6.275336646800793972e+01
-8.174488425147656301e+01 6.210542029834971345e+01
-8.168618319736350486e+01 6.159030132155726278e+01
-8.157581145512145326e+01 6.106290003056366800e+01
-8.149983773786129859e+01 6.056366879566056127e+01
-8.138733967529663005e+01 6.005867942478087684e+01
-8.134041911110384149e+01 5.954043394544000023e+01
-8.124979744674193682e+01 5.891598368699951038e+01
-8.114414068134290403e+01 5.828847085661886496e+01
-8.115959879513268049e+01 5.777727571716853561e+01
-8.113867862136376630e+01 5.716049745146455052e+01
-8.100722474226644465e+01 5.661899529168468348e+01
-8.092448244244444311e+01 5.603584374814863622e+01
-8.099982224440915957e+01 5.552767894909074187e+01
-8.061373333233321148e+01 5.514146523040763981e+01
-8.063671739484821899e+01 5.456442205610356666e+01
-8.058058666396550507e+01 5.393072004517814122e+01
-8.054208044541269373e+01 5.338647340250641804e+01
-8.049368020533715651e+01 5.282761529990243332e+01
-8.042556616205300202e+01 5.231710602093205864e+01
-8.034567272564801499e+01 5.180975574007044315e+01
-8.019809239319724270e+01 5.119435050276009491e+01
-8.018449726773465613e+01 5.068974308541919527e+01
-8.011068741496120538e+01 5.011381723493769158e+01
-7.998234017259885320e+01 4.957871101819250725e+01
-8.027627277807826545e+01 4.915336490695499094e+01
-8.091749556366097806e+01 4.903619922576216794e+01
-8.152039931447356480e+01 4.903075680998775709e+01
-8.228774727643593678e+01 4.907216325053518347e+01
-8.292307188304087617e+01 4.927212771442314221e+01
-8.349840334463118552e+01 4.944476743365649440e+01
-8.369759598295561887e+01 4.954774858729557963e+01
-8.312779664357849185e+01 4.581361871574390676e+01
-8.263955308657330079e+01 4.615116882128712206e+01
-8.201477190332717271e+01 4.628253155826091358e+01
-8.144012537207493097e+01 4.644881109766919991e+01
-8.091003020563206860e+01 4.667739696139701522e+01
-8.043012640240672795e+01 4.684346925822242724e+01
-7.983376852684375535e+01 4.685181419684135307e+01
-7.945423070235234775e+01 4.636636886554553882e+01
-7.941631669552829464e+01 4.582577502092262023e+01
-7.927981316526255284e+01 4.530041454333841955e+01
-7.921343804771719022e+01 4.469239440683523412e+01
-7.918170095334096459e+01 4.413954986756203169e+01
-7.907944782088634383e+01 4.350292855298590666e+01
-7.900746812949238063e+01 4.276515913643608968e+01
-7.889173404830303582e+01 4.222139128993345025e+01
-7.881224610208461456e+01 4.151893827647599267e+01
-7.877111483513503742e+01 4.101862187692035633e+01
-7.869602942412718960e+01 4.050249764478989078e+01
-7.859882631492544647e+01 3.997072537752921306e+01
-7.852438804385465687e+01 3.944651367516522100e+01
-7.844349591065184768e+01 3.885945363362598215e+01
-7.836047646524507115e+01 3.822945211381829012e+01
-7.828355988556637612e+01 3.761806585695474325e+01
-7.822953830215958249e+01 3.700502061863861769e+01
-7.812414236526907985e+01 3.646445889437668342e+01
-7.804979690843052254e+01 3.592011656500004335e+01
-7.793717029990961009e+01 3.540330658138435638e+01
-7.785060076796440853e+01 3.484572462451173180e+01
-7.775182534486279451e+01 3.422948925354897654e+01
-7.764393273725255540e+01 3.365533373046573473e+01
-7.754184741064702280e+01 3.305784140268990967e+01
-7.742204524155853562e+01 3.242539950292123763e+01
-7.734093159005767859e+01 3.186969980553579873e+01
-7.723755092059646188e+01 3.118085333343534771e+01
-7.716253922123215148e+01 3.050755941033041196e+01
-7.710413500308501966e+01 2.984431495995625028e+01
-7.702022882908504187e+01 2.924819429068194410e+01
-7.699579797466584807e+01 2.871721919808606671e+01
-7.688087776807230966e+01 2.806041917477303116e+01
-7.678182562020967339e+01 2.749644063733834543e+01
-7.672527155035294300e+01 2.699173750625742940e+01
-7.664031101159609705e+01 2.634761883520828718e+01
-7.655751409469237956e+01 2.564618665104883632e+01
-7.644296448392006482e+01 2.503553421680318536e+01
-7.637749658587840429e+01 2.452840642308546393e+01
-7.625706613394686428e+01 2.382710204883614225e+01
-7.617630374248639669e+01 2.309265039734456337e+01
-7.609835252390261928e+01 2.252863972222781186e+01
-7.600192608204852718e+01 2.179892559857930578e+01
-7.589149998867485181e+01 2.104582665195619740e+01
-7.574691713275920790e+01 2.035232243184925238e+01
-7.566868879658002811e+01 1.981228676011921053e+01
-7.554100950677177195e+01 1.912436560159320109e+01
-7.542882746277548733e+01 1.850280225714163151e+01
-7.533584112720684800e+01 1.796476042356194114e+01
-7.532465192921625885e+01 1.755230421041027711e+01
-7.584161634484587466e+01 1.747450807567625475e+01
-7.649563683820701954e+01 1.740690498809506792e+01
-7.726590638487022034e+01 1.757053343986914129e+01
-7.780245678032022738e+01 1.765225185929757501e+01
-7.842137726661360375e+01 1.778861979381836989e+01
-7.861402418751586652e+01 1.786070416580286491e+01
-7.790832783867998046e+01 1.420420667949357352e+01
-7.733381032327896776e+01 1.448760036058186529e+01
-7.668811179761587482e+01 1.480055218340466539e+01
-7.607632973621181804e+01 1.487499813556266837e+01
-7.542576736652966929e+01 1.505995571945046940e+01
-7.494804693981821231e+01 1.522468714914016097e+01
-7.478101386813963813e+01 1.517027696922824376e+01
-7.473620340484315250e+01 1.456616428098828386e+01
-7.465303969797554373e+01 1.397112839504155701e+01
-7.457444190475976598e+01 1.327609258023669092e+01
-7.449745315321808903e+01 1.264735091814834789e+01
-7.436250568749872514e+01 1.197054757880386688e+01
-7.427334771526285806e+01 1.145522049970074896e+01
-7.423578673713456055e+01 1.076787315418560098e+01
-7.415010597620747035e+01 1.008574197828795072e+01
-7.405950580070314970e+01 9.541861850960062341e+00
-7.394578947412927050e+01 8.974820330772448784e+00
-7.393924389858847235e+01 8.208354017116967327e+00
-7.386798885893485078e+01 7.655190207166221228e+00
-7.375725018686433998e+01 7.151747015214084513e+00
-7.361216846139137715e+01 6.586172916067958738e+00
-7.352487842873009072e+01 5.929835080233143429e+00
-7.346532910688810603e+01 5.351930481011265783e+00
-7.334722974217594071e+01 4.700122903620545856e+00
-7.325731409905708347e+01 4.051122742306464630e+00
-7.317871657655393847e+01 3.418855632761967911e+00
-7.307287829521044387e+01 2.785440024034205209e+00
-7.306032126131529481e+01 2.214538081104407752e+00
-7.293952193701704800e+01 1.667914232658574747e+00
-7.279133388079017664e+01 1.049524856078214441e+00
-7.265570298549826589e+01 3.543771519547327387e-01
-7.256264423662720731e+01 -2.207679031526836866e-01
-7.241179336683228485e+01 -8.710123458046190592e-01
-7.231091206141692851e+01 -1.446348844539706135e+00
-7.210354512110994563e+01 -2.017059452382572005e+00
-7.197270425725167797e+01 -2.611872690337481373e+00
-7.187696423943387458e+01 -3.217628632426496438e+00
-7.167991688620172397e+01 -3.825968739509370664e+00
-7.158382485599625511e+01 -4.438886866749399474e+00
-7.160540619728530487e+01 -4.408467433186530116e+00
-7.182115079767501697e+01 -3.558175910197494574e+00
-7.163939769706571781e+01 -4.119682599757009456e+00
-7.143378829930057350e+01 -4.727065671945339886e+00
-7.130241096050981753e+01 -5.254356514547950496e+00
-7.109892738513985933e+01 -5.757959483818009261e+00
-7.075524583207992180e+01 -6.123821914765230190e+00
-7.039913614670754782e+01 -6.498074787397435159e+00
-6.994871082817147112e+01 -6.814950486402221230e+00
-6.946815960381246668e+01 -7.094611504501841637e+00
-6.905405511788075046e+01 -7.437216881664213020e+00
-6.857385457036612308e+01 -7.630165834681534420e+00
-6.805594702154537856e+01 -7.898708840412865584e+00
-6.751612367896493083e+01 -8.037726045931961494e+00
-6.697648618088865646e+01 -8.161190709308179692e+00
-6.640772124434870705e+01 -8.102713175490745101e+00
-6.571011246732750521e+01 -8.080940002166489222e+00
-6.521032708018483959e+01 -7.969519440265937504e+00
-6.456577530407369636e+01 -7.771705950962356724e+00
-6.405476490665299139e+01 -7.608060390327278100e+00
-6.350763728206371184e+01 -7.456793213046406521e+00
-6.300330333803947980e+01 -7.286288525471334765e+00
-6.249390210334340168e+01 -7.142167517178847902e+00
-6.183925326870002692e+01 -6.992208331510767039e+00
-6.116805252326621201e+01 -6.842935016206034504e+00
-6.049206279681831688e+01 -6.732344051349127056e+00
-5.982504185423793786e+01 -6.537800498817247785e+00
-5.931190484713614808e+01 -6.421371129507374320e+00
-5.853194480886271833e+01 -6.241279644334955634e+00
-5.801880725359841051e+01 -6.116714947529786173e+00
-5.743929698786392635e+01 -5.937692010877043458e+00
-5.694838901646647855e+01 -5.812744485884643098e+00
-5.636336801838243815e+01 -5.640421162630477880e+00
-5.586889105244702591e+01 -5.520418586974724207e+00
-5.524660578590658133e+01 -5.419844928954287155e+00
-5.462260057148053249e+01 -5.262531893366173108e+00
-5.407939343701609403e+01 -5.116895304327890415e+00
-5.343166126179551156e+01 -4.980382962838344696e+00
-5.291097857661144133e+01 -4.804613961086158014e+00
-5.235526951915382199e+01 -4.647524139786067821e+00
-5.172869380369420611e+01 -4.514202035877481478e+00
-5.114330242513180735e+01 -4.336231686746717884e+00
-5.065574157915204268e+01 -4.221492938355957847e+00
-5.015218428955252961e+01 -4.118909239235126307e+00
-4.951445711194403998e+01 -3.983720759011276868e+00
-4.890006881815823192e+01 -3.812274572064861644e+00
-4.835950609827401081e+01 -3.662697800444544072e+00
-4.772815901558851692e+01 -3.500790537111498679e+00
-4.715478883775151786e+01 -3.348725302030812756e+00
-4.644970841653062621e+01 -3.213520790583931586e+00
-4.584179228336204659e+01 -3.065507188987734111e+00
-4.515317123133362998e+01 -2.866161759797561714e+00
-4.454407171385399522e+01 -2.695863917994980596e+00
-4.384211695759442051e+01 -2.532201907558123466e+00
-4.327945435493086279e+01 -2.377408854266182203e+00
-4.259303378946128760e+01 -2.222743420677186776e+00
-4.203190644917971497e+01 -2.080153230919924212e+00
-4.121362798275182371e+01 -1.894398350280150467e+00
-4.067092005603742422e+01 -1.749622767337960738e+00
-3.994486831214572931e+01 -1.598753726838621603e+00
-3.939509586755782777e+01 -1.435936975778824731e+00
-3.883382067211014999e+01 -1.301019367994943110e+00
-3.814194478436969860e+01 -1.136543643896576583e+00
-3.753724701840816635e+01 -9.765502601315105835e-01
-3.686913507992643702e+01 -8.234000498362945564e-01
-3.626826522940599773e+01 -6.527669811836869229e-01
-3.556754961491517975e+01 -4.688303524193155880e-01
-3.480946744708786866e+01 -2.814003220656733362e-01
-3.419652156591655512e+01 -1.661986352387749832e-01
-3.348358172232804009e+01 -1.596744527467386376e-02
-3.284890558586106124e+01 2.189821622979124527e-01
-3.229565563463312117e+01 3.976389523533345738e-01
-3.158610011184673994e+01 5.418564860352965695e-01
-3.101703904790619504e+01 6.910668518846456720e-01
-3.030310093879018751e+01 8.307382590116159093e-01
-2.973193192587635991e+01 9.476628263520243678e-01
-2.904913605370694185e+01 1.107066254497404145e+00
-2.851262314428390354e+01 1.245477504031967442e+00
-2.782712703108541064e+01 1.405184033853286607e+00
-2.724819056687164931e+01 1.530850082804343870e+00
-2.651041390024373356e+01 1.722300172074065827e+00
-2.583919503719011601e+01 1.921343192030469993e+00
-2.525134463341335334e+01 2.086441410745990765e+00
-2.450163977117007619e+01 2.278210606589627929e+00
-2.374011762363076272e+01 2.447663670174863526e+00
-2.313754650206305996e+01 2.584128999596764231e+00
-2.226489734446658986e+01 2.790334413420254123e+00
-2.171614205898702465e+01 2.927070939125778537e+00
-2.104092873163600075e+01 3.090063702246728994e+00
-2.049860921956259929e+01 3.210928505930674248e+00
-1.983107072236137824e+01 3.385007616252783791e+00
-1.928201955868779649e+01 3.525907551309479082e+00
-1.859336146316572780e+01 3.705649477837678063e+00
-1.802086065245206470e+01 3.860315615562339708e+00
-1.731674207899986584e+01 4.048671406961521058e+00
-1.661358524640345991e+01 4.218316111457246720e+00
-1.601635864976466905e+01 4.361481242061361563e+00
-1.523928372265787878e+01 4.541829520638639650e+00
-1.461988357132213068e+01 4.698505655818149940e+00
-1.392436449356166861e+01 4.872632804134366502e+00
-1.332251455160209908e+01 5.012288670444430494e+00
-1.282739026210473376e+01 5.146903856452407666e+00
-1.232764248202676960e+01 5.345787699118814906e+00
-1.178957647884246107e+01 5.583178614425948538e+00
-1.127416504041897127e+01 5.909658868132901866e+00
-1.076800020297795335e+01 6.247863458843108120e+00
-1.033092678744996817e+01 6.516296051394236954e+00
-9.868757857307686621e+00 6.876960429847643219e+00
-9.488181971420384997e+00 7.213043520153391341e+00
-9.090592196197116337e+00 7.581173298168536689e+00
-8.632473575391831133e+00 8.036079541487016087e+00
-8.258962336712290409e+00 8.530720973553608033e+00
-7.880772355909156701e+00 9.120002896546880677e+00
-7.527751862209843381e+00 9.650535283224719763e+00
-7.127055363200443416e+00 1.025098324790022275e+01
-6.759776660375608870e+00 1.088724257820180874e+01
-6.544828136055226508e+00 1.139341694641538183e+01
-6.315658390998474481e+00 1.203597707401553585e+01
-6.176033605647651470e+00 1.252087204933882703e+01
-6.074431432146345955e+00 1.307783609558550175e+01
-6.000772846794879101e+00 1.364990618028293667e+01
-5.977878684333681747e+00 1.416582684500424349e+01
-5.885597345833887495e+00 1.479248310443067460e+01
-5.870988407807333331e+00 1.540366629791553521e+01
-5.824607781586863098e+00 1.598517974486813742e+01
-5.910584558216489093e+00 1.655742504002575188e+01
-5.972686377374667011e+00 1.715823949420635230e+01
-6.066190164794031503e+00 1.778993621286031157e+01
-6.114070707587709208e+00 1.844524112850720243e+01
-6.240862894525127658e+00 1.918207427377767615e+01
-6.385981887814184077e+00 1.977942722922225371e+01
-6.470645755821182732e+00 2.027781703407857705e+01
-6.532452003979949851e+00 2.090893951786637217e+01
-6.609145225631476883e+00 2.140839796491700042e+01
-6.717221994467420743e+00 2.200015192251550999e+01
-6.796985196397259621e+00 2.253184825278595582e+01
-6.905025064516641997e+00 2.313325287544129338e+01
-6.976003976249840477e+00 2.368268727721687839e+01
-7.040307101170284021e+00 2.433483388419725202e+01
-7.143335161071757256e+00 2.485367334517475868e+01
-7.267686510811754097e+00 2.551392314415081586e+01
-7.349317824303044588e+00 2.606329391213904145e+01
-7.410902648684240646e+00 2.676364591882936850e+01
-7.484582154209354243e+00 2.743541277677758927e+01
-7.551918257137153034e+00 2.801590509207965596e+01
-7.676953943220087062e+00 2.864512898350016812e+01
-7.761174854845778626e+00 2.933925974558034966e+01
-7.809999003198014655e+00 2.988459474437403429e+01
-7.925640310423430535e+00 3.056767105821434427e+01
-7.995547082838840858e+00 3.113954927379779747e+01
-8.119159186616982993e+00 3.183919919347422933e+01
-8.202751535835338004e+00 3.252607206029402676e+01
-8.294832126070176059e+00 3.313572333699629979e+01
-8.390482318579076448e+00 3.383596355238416464e+01
-8.500409512338070073e+00 3.454789617296522408e+01
-8.575513209672491755e+00 3.513486450038503506e+01
-8.702343447249004882e+00 3.584137346257671908e+01
-8.826732568998735928e+00 3.653520099669245269e+01
-8.948291712896946137e+00 3.708993096435530390e+01
-9.049545659007796061e+00 3.778647033323120752e+01
-9.168349780130068183e+00 3.845410534972843664e+01
-9.242325908708529880e+00 3.911784848848672169e+01
-9.326362086324973433e+00 3.967374322007923837e+01
-9.393347960345401759e+00 4.038980733411808188e+01
-9.512485269871582716e+00 4.110402062241553267e+01
-9.610151333717187327e+00 4.168910664045937153e+01
-9.717952287580406079e+00 4.239231368613265971e+01
-9.832170222007963645e+00 4.301879393840400212e+01
-9.959629884256491650e+00 4.376018865400611446e+01
-1.006959488811534698e+01 4.452254364907744133e+01
-1.018333202791131953e+01 4.513087095138473614e+01
-1.031214191701413796e+01 4.587786475658300844e+01
-1.041979528875733152e+01 4.660812538416970341e+01
-1.052106805320066663e+01 4.724792478470784118e+01
-1.063173602796253725e+01 4.800260704020976732e+01
-1.076931194885184873e+01 4.873814754018813744e+01
-1.088160687774934487e+01 4.935338180656505358e+01
-1.104790312206012715e+01 5.008388131775420504e+01
-1.115267118755120102e+01 5.068708785673526762e+01
-1.127413947849975884e+01 5.141446116738752892e+01
-1.139782679775131946e+01 5.208881168975737808e+01
-1.152321490364510836e+01 5.264634879225880582e+01
-1.163011017423680471e+01 5.328549469270829064e+01
-1.176992392506936724e+01 5.398251191298643903e+01
-1.177044425180097598e+01 5.452642600344721302e+01
-1.188978314318212171e+01 5.470288089940233789e+01
-1.124184876071653605e+01 5.490550116968405092e+01
-1.097733781165477929e+01 5.499567659115669471e+01
-1.035564490126355430e+01 5.508326979444090910e+01
-1.031197491411376355e+01 5.727705193550401219e+01
-1.053533787606458461e+01 5.717244040006617922e+01
-1.133458593245327073e+01 5.703124950290649053e+01
-1.197830436873749527e+01 5.691031763422333256e+01
-1.222236487662105198e+01 5.743215471926872340e+01
-1.234449901308276054e+01 5.810642483013582194e+01
-1.240090797289805735e+01 5.884277892366915808e+01
-1.251296301728356930e+01 5.944716599422580572e+01
-1.261223840385821404e+01 5.993842441203132410e+01
-1.270763135631633034e+01 6.061403520158370384e+01
-1.284006659281867435e+01 6.129508469191034692e+01
-1.292761771521431946e+01 6.185525413129052197e+01
-1.303057368630911128e+01 6.238693387564853765e+01
-1.313554663436549852e+01 6.310577316445009899e+01
-1.323535931795907139e+01 6.373001952159528827e+01
-1.332461164971851275e+01 6.425445701741904259e+01
-1.346235428707332460e+01 6.486327785679789315e+01
-1.355937474064559112e+01 6.550791048228067837e+01
-1.366823009305331738e+01 6.601014350055658042e+01
-1.376184784874424949e+01 6.665723269430122855e+01
-1.382176972252949909e+01 6.715477670793472953e+01
-1.391897523356424315e+01 6.779784601718091608e+01
-1.401072524426860255e+01 6.844276576060222794e+01
-1.410584074031898538e+01 6.902311400681827536e+01
-1.421227450282501614e+01 6.965969077030275969e+01
-1.435268117336047311e+01 7.036589568348553314e+01
-1.444034392956040591e+01 7.097969321989634750e+01
-1.455878039676554714e+01 7.166493811868390651e+01
-1.466349494467741010e+01 7.237599256634642586e+01
-1.474237335371915236e+01 7.297312092210256651e+01
-1.483147933923255479e+01 7.365211299059686212e+01
-1.495220918156936385e+01 7.435088433850719980e+01
-1.504185074595615745e+01 7.491196275720335507e+01
-1.515925175343265785e+01 7.558830653938463229e+01
-1.525738281958973275e+01 7.628151142268117724e+01
-1.535114849092145128e+01 7.683837857862582155e+01
-1.543859049772195036e+01 7.754466358152207306e+01
-1.553093316241917421e+01 7.823499686261324371e+01
-1.562588344219834369e+01 7.892103930072684648e+01
-1.569148378211035499e+01 7.947596069262084484e+01
-1.580757210629393583e+01 8.016018445651252478e+01
-1.590501835095338734e+01 8.073443894109223606e+01
-1.601287744066379304e+01 8.145996095013789784e+01
-1.611700078070057174e+01 8.216364554420158584e+01
-1.618909273360396384e+01 8.275541470132749566e+01
-1.631457587867630110e+01 8.343108840039937490e+01
-1.642476519401913748e+01 8.412875943415957636e+01
-1.653023885045727326e+01 8.484432797731597020e+01
-1.661272436231359961e+01 8.545555762269333400e+01
-1.672100890894446934e+01 8.614900125226174055e+01
-1.682577881357906691e+01 8.673689327195538112e+01
-1.693746642127144852e+01 8.744131199191573955e+01
-1.703458119357630096e+01 8.814424706919405139e+01
-1.711179682851832951e+01 8.882427554414053361e+01
-1.719258129785121625e+01 8.944153519255465312e+01
-1.727597408324421480e+01 9.014177466373106995e+01
-1.735346744831723242e+01 9.083282616658723896e+01
-1.743734008041435146e+01 9.140613944349560427e+01
-1.754192622575170901e+01 9.209645609314105741e+01
-1.764982283721587208e+01 9.278589592863326629e+01
-1.774997001399955820e+01 9.340896073252829979e+01
-1.783735774186477130e+01 9.411861160369153367e+01
-1.794009479444164157e+01 9.481136907510826006e+01
-1.800760212923939463e+01 9.551278921786303044e+01
-1.806199680233972771e+01 9.614633437331846721e+01
-1.811065977809641936e+01 9.688865425843080459e+01
-1.821056773046049315e+01 9.760584939114113467e+01
-1.826559121195258228e+01 9.821272438452217557e+01
-1.837128772114974140e+01 9.893540663122595902e+01
-1.842055982980314610e+01 9.954084612432029644e+01
-1.852326042210842516e+01 1.002507036095088608e+02
-1.856469241382306024e+01 1.009578025324331350e+02
-1.866593073532925473e+01 1.015232667918575515e+02
-1.875570478359411197e+01 1.022560626784066358e+02
-1.885927496016044103e+01 1.029942496741097386e+02
-1.893530708352167125e+01 1.035768623732626850e+02
-1.903135020669312638e+01 1.042803390096106426e+02
-1.916044126328927888e+01 1.049919668566254245e+02
-1.926611851896998218e+01 1.055711502118303144e+02
-1.935788955442042791e+01 1.062515609000860195e+02
-1.945332183396502401e+01 1.068794592981275429e+02
-1.956706417505335338e+01 1.076637300202187362e+02
-1.965583784736241668e+01 1.081860135340811553e+02
-1.966023962100979716e+01 1.082212822013957378e+02
-1.925329431558710169e+01 1.084700020449053852e+02
-1.883575083146184781e+01 1.085628764160850039e+02
-1.847932786049111087e+01 1.086371503629596447e+02
-1.821047116268296406e+01 1.086998109259534999e+02
-1.844580112041391828e+01 1.106078498986813088e+02
-1.881150828503422900e+01 1.105813187504034687e+02
-1.922773873922563581e+01 1.104924799082769056e+02
-1.956389277378250569e+01 1.104019676609482019e+02
-1.990836946885342940e+01 1.103705238461902525e+02
-2.013238500269184783e+01 1.108405799417804474e+02
-2.022395234409494691e+01 1.114606779944055290e+02
-2.031927335851122862e+01 1.120209105118446189e+02
-2.042613486284682978e+01 1.126447729136724263e+02
-2.049051639507907652e+01 1.131969823229741223e+02
-2.058336047469667918e+01 1.138572150379048082e+02
-2.069965290789374279e+01 1.143785743711292753e+02
-2.077557538462848896e+01 1.150290922862916148e+02
-2.089475441615886808e+01 1.157165534285487922e+02
-2.098234651109726556e+01 1.163834534339284801e+02
-2.107565230334929041e+01 1.169679962036510545e+02
-2.118003650889439626e+01 1.176350874527455659e+02
-2.127511784688874741e+01 1.182473847164235110e+02
-2.138027915883062491e+01 1.189334268342742575e+02
-2.150378621007335056e+01 1.196467612983194613e+02
-2.159296797851223459e+01 1.202336637958001972e+02
-2.171771415537026684e+01 1.209418141912224200e+02
-2.181335155532401160e+01 1.216319079410147879e+02
-2.190192356194305034e+01 1.222581466313649230e+02
-2.199597113444793450e+01 1.229860938075464674e+02
-2.213505019515071126e+01 1.237383168252267751e+02
-2.226795287225603204e+01 1.244985809900339007e+02
-2.237509249099224817e+01 1.251298440686134370e+02
-2.247039778669035925e+01 1.258694827180104880e+02
-2.261454420078423766e+01 1.265953551895597684e+02
-2.267354557022142103e+01 1.272174313846253995e+02
-2.279477884201697790e+01 1.279581546143976141e+02
-2.290955793032248522e+01 1.286933429333130050e+02
-2.299807485476808111e+01 1.293238082673239262e+02
-2.311285403916373582e+01 1.300606394680273752e+02
-2.325306152940288484e+01 1.307902755671804300e+02
-2.332822605874569177e+01 1.313831284599589253e+02
-2.343281560507620398e+01 1.321235650608829815e+02
-2.352344109435892250e+01 1.327335346840869477e+02
-2.365534602406612663e+01 1.334953791786299462e+02
-2.375673285599587103e+01 1.339911172046961951e+02
-2.379274713697298438e+01 1.345874166709944291e+02
-2.392095079328957752e+01 1.351784811441892202e+02
-2.398181923858405895e+01 1.357016737576776677e+02
-2.409567329312030282e+01 1.363511077193994367e+02
-2.413601622684884518e+01 1.370133199685545549e+02
-2.427827625808950884e+01 1.377214986894749700e+02
-2.436180100771110801e+01 1.383815068775997759e+02
-2.447186429829551457e+01 1.390724608433680203e+02
-2.455577686647978908e+01 1.396712799979167983e+02
-2.464623774881666307e+01 1.403980457079821917e+02
-2.473520043278577063e+01 1.411057332713048140e+02
-2.483387079402433884e+01 1.417063222725925584e+02
-2.491667521410676045e+01 1.424088896083713109e+02
-2.501364570168347257e+01 1.431203413938404765e+02
-2.510246057565959887e+01 1.438237699327031862e+02
-2.517442689796941835e+01 1.444523218613517201e+02
-2.524284405085164096e+01 1.451836980325233810e+02
-2.532156241563712484e+01 1.459457801568676132e+02
-2.540096326076127653e+01 1.465800583444595873e+02
-2.547001079043201344e+01 1.474219620828669974e+02
-2.553352596964687748e+01 1.480493824135468230e+02
-2.559628431280352245e+01 1.487820820877865344e+02
-2.566536766637759825e+01 1.495199826441361211e+02
-2.571357048097363673e+01 1.501713767259145982e+02
-2.581799499837513068e+01 1.509230106950840309e+02
-2.593597498790990841e+01 1.516521053164731256e+02
-2.602473350980979205e+01 1.522582292538563138e+02
-2.614454323061269037e+01 1.529093363589348655e+02
-2.630420420936136594e+01 1.534069580246733153e+02
-2.671319271529374362e+01 1.538635155273844077e+02
-2.722259684260905743e+01 1.540616892963166151e+02
-2.775990443976285960e+01 1.540344686754685313e+02
-2.826767795691485929e+01 1.540171850202795554e+02
-2.876646288869860157e+01 1.539374679685136584e+02
-2.932575843005802341e+01 1.538636363898791899e+02
-2.990425063555342433e+01 1.538296988145581281e+02
-3.055268428655091739e+01 1.537599961550850480e+02
-3.106500628401129305e+01 1.536673745212218876e+02
-3.162522616818507615e+01 1.535665214185161744e+02
-3.217462683101737042e+01 1.534291552615744365e+02
-3.290798169246421878e+01 1.533048663832219916e+02
-3.363401318863888889e+01 1.531624899359859739e+02
-3.415979856527675906e+01 1.530839052591431084e+02
-3.466248711364387702e+01 1.531136790118847557e+02
-3.528895108939316572e+01 1.530646987985768135e+02
-3.592468016889279880e+01 1.530013465998641777e+02
-3.645486661488384073e+01 1.529079742164324216e+02
-3.712682421387667375e+01 1.528424039824082570e+02
-3.767195382035176010e+01 1.527683813773052179e+02
-3.836022294586506831e+01 1.527222878766765461e+02
-3.905500108293870198e+01 1.526313864237181974e+02
-3.965405780365824029e+01 1.525619898464646553e+02
-4.038217978713716860e+01 1.524861620186507594e+02
-4.113330716611984883e+01 1.523756875075359574e+02
-4.188987193078362736e+01 1.522850247901959619e+02
-4.249366280131980034e+01 1.522066472572718396e+02
-4.322679620337885353e+01 1.521089499257681723e+02
-4.384251522335605955e+01 1.520234578102845262e+02
-4.455340071237163357e+01 1.519032691978493403e+02
-4.529554024527301692e+01 1.517959688623410557e+02
-4.591653056724994997e+01 1.517791946379620924e+02
-4.667261468914028200e+01 1.517144524899575515e+02
-4.726710314466156859e+01 1.516215113018085674e+02
-4.798618178950235347e+01 1.515319658235450504e+02
-4.858856717371830314e+01 1.514830174819904585e+02
-4.913593560239889513e+01 1.514874123430526538e+02
-4.928199631616976717e+01 1.514727185404471186e+02
-4.942438253002102044e+01 1.518341775554756907e+02
-4.949625148525718998e+01 1.520866083521484597e+02
-4.957185825384368627e+01 1.524756002265999086e+02
-4.959986276787279991e+01 1.528664903257296714e+02
-4.965493986545214966e+01 1.531447460998342649e+02
-4.962047579447811074e+01 1.537221720472630579e+02
-4.970344765857173286e+01 1.544147052024036668e+02
-4.967164690639703650e+01 1.549207361281362978e+02
-5.275747536499048351e+01 1.546764607473852777e+02
-5.251464599321538174e+01 1.540125608497253324e+02
-5.242984588111652755e+01 1.534676122771823827e+02
-5.224630915875435733e+01 1.529113233607186828e+02
-5.214253394065172387e+01 1.522943066291357468e+02
-5.192761312047218780e+01 1.516757278269723770e+02
-5.196130101656655143e+01 1.511759517453134549e+02
-5.194809652106182796e+01 1.511594741853113248e+02
-5.272420820232353833e+01 1.510625088383161483e+02
-5.342089168871351035e+01 1.509839230033650779e+02
-5.396964543831974481e+01 1.508692561089047501e+02
-5.453036563559373917e+01 1.508436778346544429e+02
-5.523596230137984264e+01 1.507245908687081339e+02
-5.579176294750897114e+01 1.506826303293738363e+02
-5.637193759233765888e+01 1.506173962578751571e+02
-5.702212875205198372e+01 1.505600739261288652e+02
-5.749596700041291086e+01 1.505397291965553279e+02
