-6.024853421514908547e+01 1.483144464462803285e+02
-6.418821116067660171e+01 1.472969919427028174e+02
-6.798529413146809475e+01 1.467356132192979885e+02
-7.209028973062360990e+01 1.461367073999911383e+02
-7.608998058861440938e+01 1.453546796584796539e+02
-8.026410210399926370e+01 1.450464451140383915e+02
-8.403292864208820845e+01 1.443243313580609026e+02
-8.781596876350434400e+01 1.434613720596051394e+02
-9.184392737810182439e+01 1.433293359486437168e+02
-9.151810000398586453e+01 1.393591539878239871e+02
-9.094067804525246856e+01 1.353624308666173306e+02
-9.025017308448578035e+01 1.311646332217819122e+02
-8.981255827732114483e+01 1.273710952196221058e+02
-8.912765552855178441e+01 1.231891458243616029e+02
-8.862290581798721689e+01 1.190555675396760051e+02
-8.797185328582685315e+01 1.149309670477473162e+02
-8.738533044843883602e+01 1.111926137774407835e+02
-8.675416597606165681e+01 1.071248043674784753e+02
-8.584870898750632762e+01 1.033265892641470032e+02
-8.550656337300311804e+01 9.923363743407395532e+01
-8.508443633458823285e+01 9.521139893284059497e+01
-8.424230063496219145e+01 9.121199920905510794e+01
-8.363313642115920743e+01 8.737377432551645029e+01
-8.325884563871687760e+01 8.321474387561397634e+01
-8.252649711921459641e+01 7.932126437472504676e+01
-8.202651728836443112e+01 7.536576138698910654e+01
-8.157169767889460843e+01 7.151349283939296697e+01
-8.076128839593134501e+01 6.674322705300373570e+01
-8.022323371922271917e+01 6.284769890121376079e+01
-7.959837768106361011e+01 5.893451677788898735e+01
-7.887627053033764923e+01 5.484077101901702633e+01
-7.822315738436661547e+01 5.095041308811869385e+01
-7.765836510290779415e+01 4.687377076451042512e+01
-7.708666428273940596e+01 4.286861008205304557e+01
-7.651936735867670336e+01 3.888648296667965099e+01
-7.597222463188859365e+01 3.488243538895951446e+01
-7.540479810983339348e+01 3.108786235223402628e+01
-7.474305212301092638e+01 2.683897513507519150e+01
-7.415366446957824564e+01 2.294590320706815589e+01
-7.374379383825750267e+01 1.884575957113035827e+01
-7.298293737969379436e+01 1.508076050999351025e+01
-7.250950181231064562e+01 1.120432247477231158e+01
-7.173295980676867600e+01 6.912062035651391767e+00
-7.111238903691733526e+01 3.143295084070853562e+00
-7.065219456493746009e+01 -9.426184433822335507e-01
-7.028010993045782584e+01 -5.037241735958996713e+00
