-8.318109413537091257e+01 1.550919143158708096e+02 -1.631674818342419542e+01
-8.300408225351326053e+01 1.550593423122834906e+02 -1.573243247122783117e+01
-1.082334896566962499e+02 1.479694814588784766e+02 -1.562614095406383541e+01
-1.082258703065800063e+02 1.479668814585410814e+02 -1.562754022187729674e+01
-1.077239210159748382e+02 1.479294980396327617e+02 -1.564129507029537791e+01
-1.072421510753961797e+02 1.480691595584895879e+02 -1.562135583849364195e+01
-1.067610470338666318e+02 1.482516499245179489e+02 -1.562871769874734440e+01
-1.062426196723163230e+02 1.481775308002003726e+02 -1.563797036029105669e+01
-1.057284257105741574e+02 1.480161569797844550e+02 -1.567052141774799878e+01
-1.052403070179635449e+02 1.478272665094675062e+02 -1.570837417280689152e+01
-1.047467152125775982e+02 1.476781594104987505e+02 -1.572302741069010779e+01
-1.042238873926870468e+02 1.476785332040950038e+02 -1.573648157925279634e+01
-1.036939577174173479e+02 1.476717445207595745e+02 -1.576733500573355684e+01
-1.032073383213970885e+02 1.475491325730245649e+02 -1.578128958971333873e+01
-1.027428727227015202e+02 1.473371126154820843e+02 -1.580114408484926258e+01
-1.022866918272811176e+02 1.470800780683600522e+02 -1.580479830953409959e+01
-1.021813276756070366e+02 1.465729366565969372e+02 -1.581377745553873382e+01
-1.022428854657373876e+02 1.460694620846209091e+02 -1.580917130190438513e+01
-1.021401657563565948e+02 1.455610124031194914e+02 -1.582745072935452413e+01
-1.019859790287562049e+02 1.450593587981664996e+02 -1.584162586164188014e+01
-1.017226267520825473e+02 1.446314660568309876e+02 -1.584899318140057289e+01
-1.013864477706606237e+02 1.442276609663045122e+02 -1.585275473520008660e+01
-1.011125543754305767e+02 1.437902935208581425e+02 -1.584582100417675576e+01
-1.009486032916246074e+02 1.433037617312780583e+02 -1.586749578899752322e+01
-1.008623066240188564e+02 1.428028098163948130e+02 -1.584507705509024333e+01
-1.008661465343501220e+02 1.422938965428708684e+02 -1.584086603498635526e+01
-1.009014622494867268e+02 1.417849349531870189e+02 -1.583835779841881930e+01
-1.009745040927000872e+02 1.412754298653023568e+02 -1.586565287569211335e+01
-1.009092341608657932e+02 1.407730893753494854e+02 -1.586613610129126783e+01
-1.007940686614479375e+02 1.402578127214871415e+02 -1.587711473963868514e+01
-1.006694166627781897e+02 1.397640710148825178e+02 -1.586769306520265843e+01
-1.005330028073953059e+02 1.392688937633828345e+02 -1.586107037616525872e+01
-1.004444866643449643e+02 1.387402979126272839e+02 -1.584455117144203484e+01
-1.003980433428024099e+02 1.382336186903562520e+02 -1.582983614759206858e+01
-1.003985360299962366e+02 1.377263960705810746e+02 -1.583522523611961219e+01
-1.003711221471597810e+02 1.372062852835348963e+02 -1.583131166124965006e+01
-1.003613695303629356e+02 1.367013757145043655e+02 -1.583829998971458508e+01
-1.002856325819381169e+02 1.361804044537871050e+02 -1.582088227502958944e+01
-1.001980780780262990e+02 1.356490009148148204e+02 -1.581296335336232062e+01
-1.001023869511207494e+02 1.351565507291522863e+02 -1.580734459280364490e+01
-9.999957543092571655e+01 1.346321658716957472e+02 -1.580442458012245766e+01
-9.993151318308208886e+01 1.341121034626417270e+02 -1.579850772420243032e+01
-9.987619259630812962e+01 1.335702033403783560e+02 -1.579639156331914052e+01
-9.982751107526206624e+01 1.330336625721821520e+02 -1.580507613771909803e+01
-9.975519588321300546e+01 1.325373839504179898e+02 -1.578835953656781044e+01
-9.968332416814945418e+01 1.320218198824418323e+02 -1.578104261516877926e+01
-9.961572478294031896e+01 1.315196551312781139e+02 -1.576362638378125780e+01
-9.956386257733629463e+01 1.309932275150741248e+02 -1.577491106201740934e+01
-9.950134836903917801e+01 1.304818900462736337e+02 -1.578629516868896587e+01
-9.942592574383999704e+01 1.299557819289671556e+02 -1.578827789252911629e+01
-9.935520068060012022e+01 1.294508890399136476e+02 -1.579346150037632412e+01
-9.930361641496297409e+01 1.289527912056664434e+02 -1.579874694618193587e+01
-9.924807460268441162e+01 1.284492062508445542e+02 -1.579843198015885264e+01
-9.917984645715729641e+01 1.279378214962447657e+02 -1.578361579372854351e+01
-9.912576567395478833e+01 1.274399948788715733e+02 -1.578760114994949504e+01
-9.906805951843264779e+01 1.269023373885123078e+02 -1.580508543850601200e+01
-9.901016890059274544e+01 1.263713799531260378e+02 -1.579916988932956912e+01
-9.894356767158375021e+01 1.258369130563151543e+02 -1.580575355979498653e+01
-9.888761893636598188e+01 1.253345560395553946e+02 -1.582003882930739280e+01
-9.881676448018427550e+01 1.248055287903698627e+02 -1.581722232530533745e+01
-9.876122247928189779e+01 1.242784153427732292e+02 -1.582400723150286836e+01
-9.868859276525179780e+01 1.237451292129698288e+02 -1.581429057879754652e+01
-9.861638883438476455e+01 1.232423262648468665e+02 -1.580087459823457863e+01
-9.854521961444999079e+01 1.227115118653768775e+02 -1.582765820536375401e+01
-9.848618287199920474e+01 1.222109895504052020e+02 -1.582744349325003697e+01
-9.842009989848125429e+01 1.216910065564230194e+02 -1.582962783827224484e+01
-9.835067001691433575e+01 1.211914894104558584e+02 -1.582261232253546268e+01
-9.827245493232430817e+01 1.206564480478197368e+02 -1.584459541631284196e+01
-9.819311272427049175e+01 1.201510451396375601e+02 -1.582677901496646200e+01
-9.810674213150272749e+01 1.196284458222804403e+02 -1.585526172362904873e+01
-9.800672380165659092e+01 1.191020985947342012e+02 -1.585604322228094532e+01
-9.792745514233385506e+01 1.185614907907148279e+02 -1.584512630103897379e+01
-9.785784028122651534e+01 1.180588628915548952e+02 -1.584831096071737022e+01
-9.782571325058678724e+01 1.176982978323566584e+02 -1.584670152688880052e+01
-9.350811651507827094e+01 1.183732813130193477e+02 -1.584564147358927499e+01
-9.361213171701291458e+01 1.190606110014756496e+02 -1.580826318345713588e+01
-9.379725547732928703e+01 1.195346359795169491e+02 -1.585618794950163135e+01
-9.384549220369042644e+01 1.200551936706118852e+02 -1.585330185668120606e+01
-9.390728450660716931e+01 1.205548071497710794e+02 -1.584321657878483336e+01
-9.400179158640010257e+01 1.210708338623592084e+02 -1.585343446454197647e+01
-9.408572054820808717e+01 1.215680384275334518e+02 -1.584265112415849330e+01
-9.419539239651666662e+01 1.220690390911263989e+02 -1.583367011206574659e+01
-9.424806753375899859e+01 1.225819878229955862e+02 -1.583408446723887408e+01
-9.424544158366333590e+01 1.226099025468842285e+02 -1.584788477654842609e+01
-9.479950165395929673e+01 1.270239701838336828e+02 -1.578011870764466806e+01
-9.478972464130737308e+01 1.275249082712714994e+02 -1.577722784489309760e+01
-9.488519321743824264e+01 1.280163534738585440e+02 -1.580104589650636626e+01
-9.499316388946115808e+01 1.285281209762808885e+02 -1.580646547457315165e+01
-9.509645591009007148e+01 1.290453599814942152e+02 -1.580558480267141164e+01
-9.518197604408159407e+01 1.295810709817125144e+02 -1.580170301516260167e+01
-9.525699183822646887e+01 1.300954552861933848e+02 -1.578721993548973757e+01
-9.532470262082676982e+01 1.306458571657994412e+02 -1.581113700511209430e+01
-9.537490018136139724e+01 1.311602575636621850e+02 -1.580405187136616973e+01
-9.544061330964402146e+01 1.316651024324796992e+02 -1.581846792069318752e+01
-9.550656763787807790e+01 1.322287761116585045e+02 -1.583058525003524863e+01
-9.556253519428872778e+01 1.327356155488860736e+02 -1.581910058729376800e+01
-9.561637579323797809e+01 1.332485799117999079e+02 -1.582861590963985066e+01
-9.566611101655217908e+01 1.337653408818515004e+02 -1.583193099748464761e+01
-9.571727023175100157e+01 1.342698991808379105e+02 -1.582684599404640835e+01
-9.576328853643624939e+01 1.347976189006795380e+02 -1.582546107768222754e+01
-9.581437391219489541e+01 1.353266463290761976e+02 -1.583527666912387133e+01
-9.585393755851865194e+01 1.358359259176795035e+02 -1.585179089087935012e+01
-9.592701147594988242e+01 1.363486347931606701e+02 -1.586040811706881470e+01
-9.599585093977961492e+01 1.368790501828305253e+02 -1.584982540298638298e+01
-9.606038095976836644e+01 1.373926843371669690e+02 -1.585834199709685777e+01
-9.610859989289943428e+01 1.379027457692480425e+02 -1.585795714985118821e+01
-9.618840539353325880e+01 1.384181181896480552e+02 -1.587687518594736247e+01
-9.627440665105486062e+01 1.389299659477526347e+02 -1.586409372223207015e+01
-9.636569714192266645e+01 1.394603170405648598e+02 -1.586131316192795992e+01
-9.646301609780901742e+01 1.399699310077064069e+02 -1.586813271427413952e+01
-9.654075089524522468e+01 1.404958796627400659e+02 -1.586585097466653593e+01
-9.665070107388875442e+01 1.410260706005176417e+02 -1.587967215721278791e+01
-9.674282363813617280e+01 1.415591648897193124e+02 -1.589479190947801612e+01
-9.684654169515555111e+01 1.420676466065548880e+02 -1.588241216254983357e+01
-9.692303740383498223e+01 1.425627137387459129e+02 -1.586182980369007822e+01
-9.692156472168176151e+01 1.430889022787882823e+02 -1.587764143944816198e+01
-9.692353216667848415e+01 1.436268631478849613e+02 -1.588255367912972105e+01
-9.691305323724448328e+01 1.441372921306877686e+02 -1.588456426749089445e+01
-9.697220194773464641e+01 1.446371763190958859e+02 -1.588548067926836893e+01
-9.704832803107423445e+01 1.451555641052671604e+02 -1.587749901880633274e+01
-9.711476350384407397e+01 1.456639346156450472e+02 -1.586591633612643903e+01
-9.707201361280768026e+01 1.461699774337275244e+02 -1.586632419317151488e+01
-9.700694282474859165e+01 1.466888461940377795e+02 -1.583613045728658619e+01
-9.697210832894855059e+01 1.472081285479559938e+02 -1.583783938719898998e+01
-9.694139802524851746e+01 1.477174575866418422e+02 -1.582174848577232495e+01
-9.695504133999547491e+01 1.473700517717405205e+02 -1.582414164240518772e+01
-1.030709351843649983e+02 1.543566154273429447e+02 -1.574043848782514488e+01
-1.035296974171465365e+02 1.540763745967756222e+02 -1.574677186078646685e+01
-1.040099321559041101e+02 1.538729083076486006e+02 -1.572080900625511646e+01
-1.044834350644409255e+02 1.536521986987438595e+02 -1.569384519167081748e+01
-1.049330070921312057e+02 1.534107684488541281e+02 -1.567307882121098572e+01
-1.053913445563296705e+02 1.531463998189780682e+02 -1.565981271246263873e+01
-1.058366997286939295e+02 1.528834511512254721e+02 -1.564284554165412544e+01
-1.062955552306121376e+02 1.526134042669897326e+02 -1.561257942943195332e+01
-1.067465701570561691e+02 1.523735537637375046e+02 -1.557071339284635059e+01
-1.072325009548740695e+02 1.522035369346013169e+02 -1.557165213704939077e+01
-1.077285107785053526e+02 1.520149052315262566e+02 -1.555069136893524728e+01
-1.082339894087965888e+02 1.518586224111315630e+02 -1.554693224917475192e+01
-1.087376189441723966e+02 1.516868195740985072e+02 -1.551607264079027004e+01
-1.092431911004203329e+02 1.516247452571791996e+02 -1.552901585328897482e+01
-1.097879899369832088e+02 1.516788609200823430e+02 -1.551426533608327674e+01
-1.103112994993799276e+02 1.517316530581097140e+02 -1.549361293046239041e+01
-1.108431884868085859e+02 1.517236215408547650e+02 -1.551115988491233821e+01
-1.113770374680297266e+02 1.516524073833904822e+02 -1.549500555856394612e+01
-1.119076498501396486e+02 1.515670921866603749e+02 -1.548185065445427000e+01
-1.124240587902044126e+02 1.514802133305478833e+02 -1.549539449723334883e+01
-1.129439447734389006e+02 1.513913090208109224e+02 -1.549153864322855867e+01
-1.133379093188701177e+02 1.512965847480270440e+02 -1.546657147924563702e+01
-1.136119200423729012e+02 1.508485544970185686e+02 -1.546818529933482722e+01
-1.136902877463502080e+02 1.502989012476810444e+02 -1.545067933107911529e+01
-1.135795237880714836e+02 1.497927181019217358e+02 -1.543535757199763481e+01
-1.133192225844579326e+02 1.493523041105775633e+02 -1.543942407206267120e+01
-1.129283968345395550e+02 1.490272687993098657e+02 -1.541968168246048521e+01
-1.124183442402846822e+02 1.487966499449634057e+02 -1.545933092962201272e+01
-1.118987333575919934e+02 1.487602393861814676e+02 -1.549348389620519839e+01
-1.113801226512230471e+02 1.488296981925214482e+02 -1.552453945915223699e+01
-1.109045110022193512e+02 1.489985022139315163e+02 -1.552970119394912274e+01
-1.104999156985208089e+02 1.492971173031538115e+02 -1.554777229391174842e+01
-1.109113905313367070e+02 1.490085353134207935e+02 -1.553920203793440891e+01
-1.113378101176901396e+02 1.488279925768549106e+02 -1.549903566289378176e+01
