-3.415537569224203374e+00 1.152891177905913267e+01
-3.524464478136414058e+00 1.212835457280553442e+01
-3.642545638111416295e+00 1.270533757662629704e+01
-3.697175954569205558e+00 1.332082767453599637e+01
-3.694975887061049846e+00 1.383016035598320137e+01
-3.761848890435899762e+00 1.442997005702514635e+01
-3.895187371480850480e+00 1.509363368526322091e+01
-3.991039559323303898e+00 1.564455184411334443e+01
-4.068971711026631688e+00 1.622884067731718716e+01
-4.114410943661481745e+00 1.681209266729040408e+01
-4.220860019326616808e+00 1.740611183623756375e+01
-4.337166159166843116e+00 1.801641754432710130e+01
-4.445612597286985768e+00 1.861381841074680921e+01
-4.534215679830275292e+00 1.923337603860645117e+01
-4.614811176858868436e+00 1.987499459687764158e+01
-4.672548675016889419e+00 2.042894353718639877e+01
-4.717396300610488424e+00 2.098209497950814040e+01
-4.755863806141253036e+00 2.157640138326063095e+01
-4.822848159655831246e+00 2.215250702486411427e+01
-4.916518484834114133e+00 2.270053785595271378e+01
-5.072511896206139959e+00 2.335129648144653913e+01
-5.178017961126974988e+00 2.384858544279042647e+01
-5.252288724044218426e+00 2.437170001454865798e+01
-5.340208009336940620e+00 2.504372216812959095e+01
-5.418103574270625167e+00 2.558356985571354159e+01
-5.516767219523276644e+00 2.609936255652733195e+01
-5.703700610446642116e+00 2.686018663575957532e+01
-5.822300702128373473e+00 2.756218154649156560e+01
-5.872253278712907587e+00 2.826696818245873999e+01
-5.950408417425613550e+00 2.899212481655369089e+01
-6.078680366315019512e+00 2.956706572308613801e+01
-6.219102366855866926e+00 3.009005237429064650e+01
-6.342510801815203436e+00 3.074045988433099907e+01
-6.385953292857925234e+00 3.124151341277554650e+01
-6.435147367770610138e+00 3.177547498159200501e+01
-6.558592958302885023e+00 3.244326969254643700e+01
-6.701919042794136416e+00 3.312202299089177870e+01
-6.773471873843350366e+00 3.369731482100139175e+01
-6.808722300842052988e+00 3.431329922430371937e+01
-6.881384908275999024e+00 3.491577254209268233e+01
-6.990091038799008061e+00 3.546267056653771022e+01
-7.094876493800787109e+00 3.597831958099846617e+01
-7.193578245622780365e+00 3.667126990505119011e+01
-7.245787318794253196e+00 3.728835488859445491e+01
-7.302175784508613710e+00 3.786109459580346481e+01
-7.353644861818125378e+00 3.839130744183424326e+01
-7.435499223580544381e+00 3.907585128217341719e+01
-7.510898738436766031e+00 3.957381007284936913e+01
-7.635546749507662767e+00 4.020365595141171866e+01
-7.771641873217189911e+00 4.074119023411955709e+01
-7.943226410020867156e+00 4.140828278206448942e+01
-8.046458729818942501e+00 4.193436391479543346e+01
-8.140166969911771133e+00 4.245861071554044486e+01
-8.205340279522918223e+00 4.308046505781985047e+01
-8.238963496214861237e+00 4.361930766597005515e+01
-8.281463518739174745e+00 4.414106617490296003e+01
-8.346137152938760906e+00 4.465591759086645851e+01
-8.469620173649229145e+00 4.523835538400609124e+01
-8.563495078556133677e+00 4.577810700493138540e+01
-8.639782719236947628e+00 4.630704354702851333e+01
-8.715627019714863977e+00 4.694596585688420731e+01
-8.770443768097841541e+00 4.745722812144024516e+01
-8.823152712126963948e+00 4.805984487928701299e+01
-8.920615738034580744e+00 4.865024268084773951e+01
-9.031430591616517844e+00 4.914494709953018514e+01
-9.173536800671326930e+00 4.974548962360464088e+01
-9.274957220437526573e+00 5.028012066238788691e+01
-9.337744975357745503e+00 5.082307871090803530e+01
-9.378692213457165749e+00 5.140893041472119762e+01
-9.420268492474145106e+00 5.203936673509990385e+01
-9.488974119525297013e+00 5.256342207901301578e+01
-9.589802845759521688e+00 5.308932758931815954e+01
-9.697455512959438195e+00 5.358136800961516855e+01
-9.782860770683862839e+00 5.410856557529524480e+01
-9.854137439916437202e+00 5.470110082557167175e+01
-9.874129890249376373e+00 5.490510493163532146e+01
-1.033105995313757042e+01 5.740288876925144734e+01
-1.044538956558115572e+01 5.800938131492397076e+01
-1.051642567207701973e+01 5.853740844731163406e+01
-1.057801182052102718e+01 5.909006488705957594e+01
-1.064771702985814095e+01 5.972192050038041344e+01
-1.075076515460510684e+01 6.021633762052520922e+01
-1.085229727706836300e+01 6.078987424184735033e+01
-1.090217779117382157e+01 6.144411006603000658e+01
-1.096158225872780534e+01 6.206637888889514443e+01
-1.107043839738847524e+01 6.272560716173776996e+01
-1.120906916392573294e+01 6.341721677735012008e+01
-1.130976944407418827e+01 6.402144412646086380e+01
-1.137011679653923579e+01 6.457427585071538090e+01
-1.140490629040909809e+01 6.512919741394232176e+01
-1.144095338937584039e+01 6.568619272720488311e+01
-1.155641220622287513e+01 6.639431233428680912e+01
-1.168093210153795525e+01 6.699016478272531572e+01
-1.176916752021263690e+01 6.751517687481114649e+01
-1.185202201742661643e+01 6.814211919171043519e+01
-1.189230416713648175e+01 6.868356171538937360e+01
-1.194645636869454819e+01 6.921981984343020144e+01
-1.202551917237589585e+01 6.974708112218660006e+01
-1.212568298978831116e+01 7.027225264572365404e+01
-1.222937894682010906e+01 7.077740498876062247e+01
-1.235994678634592070e+01 7.141811329111703799e+01
-1.245757722553744884e+01 7.196359110718847774e+01
-1.254614594586644927e+01 7.251345564145420042e+01
-1.263525116595100961e+01 7.308938486133868651e+01
-1.270932120890458350e+01 7.365540835413909804e+01
-1.277222091489366917e+01 7.417124845184474680e+01
-1.282306293284649890e+01 7.468691315671685516e+01
-1.290547447043712914e+01 7.537376953019561654e+01
-1.299986882350904160e+01 7.592727094074369631e+01
-1.312069036231545383e+01 7.648965711384181532e+01
-1.324631978494088358e+01 7.699184218728386497e+01
-1.340361062247675328e+01 7.758412121611050338e+01
-1.351788624888052581e+01 7.823886672183829205e+01
-1.355755916059743349e+01 7.885486645245251225e+01
-1.361642793703135901e+01 7.942084223571161772e+01
-1.370377675464738410e+01 8.001128718396557815e+01
-1.382398851825858621e+01 8.061240360371571967e+01
-1.393513891019514617e+01 8.126306546421484711e+01
-1.400314385332942635e+01 8.186952599270657061e+01
-1.405361703037457488e+01 8.247273245311816936e+01
-1.409930030564039960e+01 8.305743521758472525e+01
-1.416710172909996324e+01 8.364033525627553445e+01
-1.426943052098866360e+01 8.423843682527348165e+01
-1.440993002587132565e+01 8.486915893441081948e+01
-1.452932872712262835e+01 8.552258004511318745e+01
-1.463017896220754288e+01 8.621891117838092100e+01
-1.470733865550106856e+01 8.685331861016118182e+01
-1.477549219406321157e+01 8.749785545248994367e+01
-1.482750030437789412e+01 8.805650939856161585e+01
-1.493667262553000263e+01 8.873577243319900276e+01
-1.507804153504951117e+01 8.936075186090400280e+01
-1.521536020098722375e+01 8.996017693465816478e+01
-1.533033972163635994e+01 9.066068707792254600e+01
-1.539538657524875020e+01 9.130396366660008312e+01
-1.547798438985989478e+01 9.202291419742178391e+01
-1.559684685411089333e+01 9.263029926915559997e+01
-1.573423963161250327e+01 9.322339157180718416e+01
-1.587429646027483976e+01 9.392664503961420053e+01
-1.597792100767690648e+01 9.459370499531421217e+01
-1.605404541820723452e+01 9.521024666071525644e+01
-1.611167712681375264e+01 9.590914586689882526e+01
-1.615810198063658021e+01 9.661734507026929464e+01
-1.621741643795737531e+01 9.728448502631758288e+01
-1.631813764347887030e+01 9.794715803708740509e+01
-1.644554523573946980e+01 9.864286657315373930e+01
-1.655246149091638941e+01 9.926832469024660099e+01
-1.665055636169685016e+01 9.988671639537255942e+01
-1.676531558212085571e+01 1.006898584457608621e+02
-1.685943516599506253e+01 1.013824726513462338e+02
-1.692222531757744619e+01 1.019085052410202650e+02
-1.698381395329514021e+01 1.024872258502792022e+02
-1.705137662933240250e+01 1.031347132311155690e+02
-1.710445904689024132e+01 1.037865555505386510e+02
-1.716240530715995050e+01 1.044366753625191677e+02
-1.726551264800786001e+01 1.051036870124563762e+02
-1.736972868080684762e+01 1.056715601020941619e+02
-1.750076062373977592e+01 1.062839056054272362e+02
-1.764864000716665160e+01 1.068853879915712923e+02
-1.777811793971650189e+01 1.074356820189660766e+02
-1.788100281416987514e+01 1.080267007877579601e+02
-1.796252729622513300e+01 1.085700882892644188e+02
-1.798945531381232499e+01 1.087272902226285112e+02
-1.840554354165650608e+01 1.109879510304508727e+02
-1.847935615221853567e+01 1.115043965422896832e+02
-1.857131092509918702e+01 1.120276213808457726e+02
-1.867151436600241965e+01 1.126067720598298791e+02
-1.875986365623651153e+01 1.131963072341397805e+02
-1.883060682034070510e+01 1.137452460456309069e+02
-1.889434118570885701e+01 1.143076322691383666e+02
-1.896201533995350630e+01 1.149362647782888871e+02
-1.901123318137362617e+01 1.155701776016243798e+02
-1.906564714854360432e+01 1.161526626491997121e+02
-1.913189711313665953e+01 1.167534278502901657e+02
-1.923687245848408267e+01 1.173635243811717288e+02
-1.936117426484917203e+01 1.180484490988109201e+02
-1.946467076175836297e+01 1.187067990460366929e+02
-1.954469830634626604e+01 1.192903206499355520e+02
-1.962306149010493783e+01 1.198770005460280856e+02
-1.969722658137230553e+01 1.204535990789903224e+02
-1.977327818278148897e+01 1.210406938846823834e+02
-1.984907037888229198e+01 1.215816568697088655e+02
-1.992970878439617621e+01 1.222025687376284395e+02
-2.002430963907214334e+01 1.228128567475131803e+02
-2.013242900797688151e+01 1.234029181919072187e+02
-2.023941927054036682e+01 1.239063307937784657e+02
-2.037840437738763200e+01 1.245144007915567670e+02
-2.053817652222824819e+01 1.251574361801913398e+02
-2.065872316870949277e+01 1.257149400928544480e+02
-2.073947275070411678e+01 1.263328530642073702e+02
-2.074863471164172424e+01 1.269831643623823965e+02
-2.076746786243980836e+01 1.275566052432805293e+02
-2.082683980955112446e+01 1.282305400616234863e+02
-2.089347797191675227e+01 1.287591406013667381e+02
-2.099290682866917734e+01 1.294389929897967875e+02
-2.110104473786343959e+01 1.300039624965684197e+02
-2.120953377458808831e+01 1.305481948721079846e+02
-2.129614665948004415e+01 1.312167058327139557e+02
-2.136212036958250948e+01 1.318407920073686910e+02
-2.142467187273327056e+01 1.323857588287098395e+02
-2.150471871942786350e+01 1.329765060972981701e+02
-2.160527489959056524e+01 1.335735540366831628e+02
-2.170734772580123462e+01 1.341837459177588698e+02
-2.180146736867099833e+01 1.347119789382003319e+02
-2.189486672350920315e+01 1.353081817751412075e+02
-2.200822101498503969e+01 1.359466875254166780e+02
-2.212954628397257295e+01 1.366047658265322298e+02
-2.221933948801473591e+01 1.371994691069552061e+02
-2.230880149816129432e+01 1.379232679070936456e+02
-2.236928224003631271e+01 1.384846486552178817e+02
-2.242702540950982026e+01 1.390048902332473801e+02
-2.249605174524225504e+01 1.396858753761254377e+02
-2.254869181189951632e+01 1.402778514553104685e+02
-2.264690050866447280e+01 1.409313518791356046e+02
-2.277480946940046636e+01 1.415705432720898784e+02
-2.289158560226018579e+01 1.422239953300924640e+02
-2.301402033989703000e+01 1.428458473714771628e+02
-2.312511949891353780e+01 1.435311068058967692e+02
-2.322116367813202942e+01 1.441139258529754557e+02
-2.330964443997931923e+01 1.447238465681879802e+02
-2.340128765342927153e+01 1.453339269814303805e+02
-2.350755960222645058e+01 1.459747615967112324e+02
-2.361281474117978973e+01 1.466369552817785120e+02
-2.372138072893925198e+01 1.473395217244524247e+02
-2.379993105539072218e+01 1.479721576732799235e+02
-2.386009755024100798e+01 1.485066758619674374e+02
-2.392015558926225793e+01 1.492187503038442742e+02
-2.397239040461595039e+01 1.498880750897054952e+02
-2.401793001659000737e+01 1.505154951078620513e+02
-2.409219021401546001e+01 1.511626147451108864e+02
-2.421575371586877878e+01 1.517946117662714869e+02
-2.436548427651535320e+01 1.523450323347506412e+02
-2.451434662561861444e+01 1.529606149183708794e+02
-2.466298825522935800e+01 1.536553809611008887e+02
-2.479372683427038737e+01 1.542505139561320391e+02
-2.497548940386602823e+01 1.548884918608903263e+02
-2.516324241290799790e+01 1.554240770815882797e+02
-2.537777320410030768e+01 1.559088883581210041e+02
-2.555021050265683513e+01 1.562240878212743667e+02
-2.101603724699899800e+01 1.579525802440662972e+02
-2.119533999818771974e+01 1.573117413805022977e+02
-2.136473126182948334e+01 1.567353468240796417e+02
-2.137541217745957312e+01 1.561708862728851557e+02
-2.134989829263471961e+01 1.553887197402633831e+02
-2.136664417694446882e+01 1.547569120334955528e+02
-2.140589802972046130e+01 1.542251199496172376e+02
-2.141005136690537825e+01 1.536906485942803897e+02
-2.136538212542002668e+01 1.531575179341156456e+02
-2.127518063704992812e+01 1.525232870397539671e+02
-2.121162938389122132e+01 1.519702810207254799e+02
-2.117853555374881935e+01 1.513234800669811193e+02
-2.118185684907164301e+01 1.507887057843588252e+02
-2.120866459958036643e+01 1.502386017478594340e+02
-2.119883519535108007e+01 1.495707436921094597e+02
-2.112986565322675148e+01 1.490267184687781707e+02
-2.101501369877807690e+01 1.484667580252787502e+02
-2.090365489299731649e+01 1.477526101637809290e+02
-2.082704693300637899e+01 1.471590711916155669e+02
-2.075813217205580941e+01 1.465585293846085335e+02
-2.067852677628654590e+01 1.458488635373500983e+02
-2.060785566156629756e+01 1.452788531634010383e+02
-2.050929483546234522e+01 1.445881219004238005e+02
-2.037668708086592773e+01 1.438542422227465067e+02
-2.024755717968654523e+01 1.431998805855872092e+02
-2.010446475305723268e+01 1.425403830038362969e+02
-1.996150175735850141e+01 1.418786678872649247e+02
-1.979471770581428913e+01 1.410965671178644243e+02
-1.966669575397287417e+01 1.403009708889127580e+02
-1.961128048099407195e+01 1.396138123370275252e+02
-1.958319904508277887e+01 1.389684302255431305e+02
-1.952223495422554578e+01 1.382154077295702450e+02
-1.944350025422578199e+01 1.375796770055581248e+02
-1.932160195199822184e+01 1.369493379866516989e+02
-1.916635980246801552e+01 1.362971619731763724e+02
-1.894927344905229205e+01 1.354691052224710006e+02
-1.886014476958555974e+01 1.347672873952560337e+02
-1.882684894835717415e+01 1.341562810683971350e+02
-1.878804176955980054e+01 1.335172479807279728e+02
-1.871739039422386952e+01 1.329935766697846304e+02
-1.858467193937167750e+01 1.322153834795556122e+02
-1.846921024316451465e+01 1.316252586288979671e+02
-1.836225651280705407e+01 1.311178419023846971e+02
-1.825824301477714684e+01 1.305863705787277524e+02
-1.814242928160847868e+01 1.299341783619889270e+02
-1.805319177873839109e+01 1.293799916488519557e+02
-1.797591951547046563e+01 1.288200624862558641e+02
-1.788986168761517348e+01 1.281579480442920271e+02
-1.782392598421059660e+01 1.276028518341695133e+02
-1.777295138255875884e+01 1.270382643422988451e+02
-1.769761685027920706e+01 1.261220580080656646e+02
-1.761897609934462849e+01 1.255519196721764388e+02
-1.750972742635936186e+01 1.248666755642191362e+02
-1.740458567726015815e+01 1.242968246697078314e+02
-1.728529650531041284e+01 1.237284414532289105e+02
-1.711681319832946713e+01 1.230155061193119366e+02
-1.697536863760890569e+01 1.224217439132129073e+02
-1.687523798632530259e+01 1.217869861082577359e+02
-1.680772857785935770e+01 1.210450657762985429e+02
-1.677066112671698050e+01 1.204554981984888968e+02
-1.674123160822488643e+01 1.198778302362223940e+02
-1.667588635440820610e+01 1.191630752251926140e+02
-1.659711502757295065e+01 1.184587206459600566e+02
-1.653021823493412867e+01 1.179068467321604317e+02
-1.646091768557198165e+01 1.173881838761202516e+02
-1.636868509987264986e+01 1.168499486971751651e+02
-1.623478526412090162e+01 1.161659807828457360e+02
-1.610108990544054564e+01 1.155740212931587791e+02
-1.597545787982862819e+01 1.149978855928422377e+02
-1.583506692192674592e+01 1.143013804020383901e+02
-1.572574607068430552e+01 1.137155141623819645e+02
-1.561400108429581124e+01 1.129857651636751257e+02
-1.552731589126960898e+01 1.123673255131494102e+02
-1.545181790864232951e+01 1.116217838757123673e+02
-1.540483845216427916e+01 1.110269523074715607e+02
-1.534711441386732211e+01 1.104427601870286253e+02
-1.526292648585411627e+01 1.098728290999823400e+02
-1.513788537970658865e+01 1.091800558651823536e+02
-1.501269748417251648e+01 1.085976192345385272e+02
-1.487421259109253491e+01 1.079900431026405556e+02
-1.470334430645357671e+01 1.072383293175337400e+02
-1.457902512499382652e+01 1.065996155146176250e+02
-1.450402655606945501e+01 1.058211499272005653e+02
-1.448345596029213134e+01 1.052227446469241130e+02
-1.443838199876715578e+01 1.046634208450634560e+02
-1.437128144897337378e+01 1.040038739888807271e+02
-1.427327960433189524e+01 1.034697858686271843e+02
-1.414596555412900258e+01 1.029166201683214155e+02
-1.398502921529364507e+01 1.022306104400860818e+02
-1.384230959512917991e+01 1.016149466416705707e+02
-1.366210248209944744e+01 1.008535979904988267e+02
-1.361253401675296892e+01 1.002051689837851001e+02
-1.362665774215229675e+01 9.964297335240200937e+01
-1.357989893103148837e+01 9.884396172964687821e+01
-1.347986222892649977e+01 9.821523335656161180e+01
-1.332850622212880154e+01 9.758140059167422464e+01
-1.320324528840210476e+01 9.703088282448251789e+01
-1.310579876995977244e+01 9.651343220018331692e+01
-1.304293407662244597e+01 9.589630013334799230e+01
-1.302462110556180086e+01 9.539406657719817417e+01
-1.301250252752360304e+01 9.478832346085616223e+01
-1.297291966069835212e+01 9.399991976205237165e+01
-1.289270744846900563e+01 9.328982216756656953e+01
-1.276032548130788591e+01 9.259066809219673644e+01
-1.264532829882639930e+01 9.200226507135820952e+01
-1.254819535055777280e+01 9.136080717774555637e+01
-1.247945055757703869e+01 9.080497675323049123e+01
-1.243014241452204693e+01 9.025104452036110558e+01
-1.239975298222693212e+01 8.969044415746434140e+01
-1.238206792507933862e+01 8.904904948224140071e+01
-1.236900728968705820e+01 8.853413428594755885e+01
-1.230065150016655551e+01 8.803734048646464316e+01
-1.214204693462116325e+01 8.742751505123945321e+01
-1.198294252145791994e+01 8.675740828770635460e+01
-1.187329040054250662e+01 8.618577022163070467e+01
-1.176530179135447973e+01 8.549765411929702452e+01
-1.168686661968066431e+01 8.492324027888824389e+01
-1.162960564951605491e+01 8.424804449175999821e+01
-1.156370930845737632e+01 8.370347578206882133e+01
-1.148647665360350878e+01 8.317779359841497921e+01
-1.135257935438921173e+01 8.254204647131022909e+01
-1.121215478006658728e+01 8.201571110004418586e+01
-1.104339731915849043e+01 8.136501749493061197e+01
-1.094114268796307421e+01 8.077119069677615926e+01
-1.086605427602771812e+01 8.009047571336941473e+01
-1.081498998097827879e+01 7.956184233913745629e+01
-1.070130627851228589e+01 7.893459720259441781e+01
-1.056075163987685706e+01 7.830301344515645212e+01
-1.043465932310225242e+01 7.772936558298236775e+01
-1.034061588982110536e+01 7.712395784804945720e+01
-1.025524492062451110e+01 7.638519501802809941e+01
-1.020847060331835365e+01 7.575887448838264504e+01
-1.016593117177812999e+01 7.511538990384806880e+01
-1.007319974885170843e+01 7.434324070260481676e+01
-9.976197253829454326e+00 7.369674162500781733e+01
-9.837546852347138326e+00 7.294038454985675912e+01
-9.709290679199513718e+00 7.231057099743625827e+01
-9.575560536087316166e+00 7.168638842266709332e+01
-9.426886702037723609e+00 7.090730049712620087e+01
-9.326018496662110024e+00 7.013468881909201968e+01
-9.260011430459549331e+00 6.951251585905131947e+01
-9.195576409281674302e+00 6.890576777539332909e+01
-9.098499923002510315e+00 6.820230580414457222e+01
-8.999889506454429977e+00 6.764980928405772431e+01
-8.866677273642121548e+00 6.699544638815265785e+01
-8.777184324603096499e+00 6.647040222720083591e+01
-8.697085414109288592e+00 6.583934415900611725e+01
-8.617282258891458824e+00 6.517826536088064415e+01
-8.547299613545584762e+00 6.459397715581539501e+01
-8.465758535730460110e+00 6.399947991236133049e+01
-8.374008956311849161e+00 6.337480252540803605e+01
-8.254148659193813131e+00 6.262474609609496667e+01
-8.151858009030403807e+00 6.201576510655124252e+01
-8.040579606003525726e+00 6.141271799725991087e+01
-7.908772779343318682e+00 6.068162776333653596e+01
-7.785048346793967511e+00 6.007376327828859530e+01
-7.674990599978574579e+00 5.946554789052296286e+01
-7.557295049403849774e+00 5.884763397944696806e+01
-7.419588844968037833e+00 5.808347639810533281e+01
-7.299747923032123609e+00 5.742845907027769670e+01
-7.170104895833960157e+00 5.665209857047530306e+01
-7.073880128996721695e+00 5.599036552938370903e+01
-6.967039510752787379e+00 5.519746312855707515e+01
-6.901994815759611157e+00 5.455133046457888213e+01
-6.845753267158734445e+00 5.394762902906724378e+01
-6.794467534685262322e+00 5.325054735553145235e+01
-6.750801841158978078e+00 5.269873617817196987e+01
-6.690085349398895431e+00 5.217313330022368234e+01
-6.615055049291356681e+00 5.166022799567860346e+01
-6.507087378323895166e+00 5.101904059688915538e+01
-6.400599674097126268e+00 5.047255750543387620e+01
-6.241571497018565395e+00 4.977855482149495714e+01
-6.107768697115883327e+00 4.915390916311461211e+01
-6.001872529907727127e+00 4.853320345676052483e+01
-5.918001467181614572e+00 4.778006794376077693e+01
-5.866420573707969766e+00 4.716349340957798120e+01
-5.819869553679846597e+00 4.645878668096674602e+01
-5.784803641144435460e+00 4.590718267237804895e+01
-5.718002978436109274e+00 4.533809596073079007e+01
-5.606281272217700007e+00 4.463905215937357696e+01
-5.487181210770476270e+00 4.405399811160749834e+01
-5.357891341525266249e+00 4.347540452455999116e+01
-5.170013461129414623e+00 4.267851427759202210e+01
-5.057090416887490392e+00 4.211757897613881596e+01
-4.936196196583200191e+00 4.141912542764058003e+01
-4.837827388249923644e+00 4.082097501987063026e+01
-4.746504518691843089e+00 4.019912060177978930e+01
-4.641810463503379225e+00 3.944839372134346434e+01
-4.561898150784182704e+00 3.883609422450516746e+01
-4.491916858208198526e+00 3.823175441408432107e+01
-4.413317150943232292e+00 3.747815615417630397e+01
-4.355430469292628004e+00 3.682468559922092766e+01
-4.283488771885108903e+00 3.615620464263243150e+01
-4.175077604318840230e+00 3.534291566729184808e+01
-4.073602086358355301e+00 3.469510808913198474e+01
-3.950544542242645285e+00 3.397102029677785140e+01
-3.845832940145803569e+00 3.338245667964306307e+01
-3.719317323075653547e+00 3.269523282070488079e+01
-3.602548159567985131e+00 3.213188863074549317e+01
-3.479509471710998447e+00 3.147305850909973657e+01
-3.385265415078674067e+00 3.092777139639361650e+01
-3.298492722033925517e+00 3.038235659531355992e+01
-3.193466734432047538e+00 2.972237790216281894e+01
-3.106971378599108213e+00 2.913191590498595929e+01
-3.027780885489753437e+00 2.851400129049061860e+01
-2.944262615440134567e+00 2.776025933118721767e+01
-2.866274263459809291e+00 2.713744759768812287e+01
-2.780944054489243200e+00 2.651380635377411110e+01
-2.674068698777936959e+00 2.574813259694946410e+01
-2.554525643137025348e+00 2.508287382652849828e+01
-2.402101051569162316e+00 2.429735643662854372e+01
-2.270851804821945485e+00 2.365435011213116212e+01
-2.150624674856956631e+00 2.301459777898592307e+01
-2.030785587366744416e+00 2.220199455225247931e+01
-1.954868702584761309e+00 2.152081600034669151e+01
-1.891009571664661770e+00 2.084059449816224330e+01
-1.831218815357291696e+00 2.004451688790135933e+01
-1.778585384564734362e+00 1.941943983508995686e+01
-1.682529455284884179e+00 1.880109441296357531e+01
-1.546638546286001947e+00 1.807435832431724521e+01
-1.399744296710863978e+00 1.746855084162854155e+01
-1.258601469373917148e+00 1.682187545891112279e+01
-1.136654631850383623e+00 1.602771207311644375e+01
-1.059073720829158738e+00 1.533844598888354582e+01
-9.838043388542194734e-01 1.450775350702665634e+01
-9.555638807667623524e-01 1.374869931657484301e+01
-9.475370981508426382e-01 1.324530047179618641e+01
-8.934616646550077590e-01 1.269028255574687947e+01
-6.997609696388744638e-01 1.216810898193914348e+01
-5.285113568477362023e-01 1.168428287159436607e+01
-4.629334794008856946e-01 1.149064720401995920e+01
