-8.074274309601387145e+00 1.387094424468817522e+01
-8.933817508191658874e+00 1.782016008152814734e+01
-9.473278193601023744e+00 2.190887188906658878e+01
-9.849036031640766353e+00 2.574446467973252339e+01
-1.024025675009900382e+01 2.979017189511024100e+01
-1.080594471181808736e+01 3.354201834058991949e+01
-1.140952823408866834e+01 3.768193261746787215e+01
-1.204225849191739783e+01 4.170782454199310507e+01
-1.257096462494560107e+01 4.568766452633876440e+01
-1.281681587892533791e+01 4.972494788302139312e+01
-1.345611645114696309e+01 5.374158914523010111e+01
-1.402541933428586951e+01 5.763214582423906052e+01
-1.452456096735952684e+01 6.168437298090300658e+01
-1.529894066509325512e+01 6.558328735364941053e+01
-1.550078472109512795e+01 6.957823387702876516e+01
-1.616718556717162869e+01 7.366194682786951375e+01
-1.695982284880187052e+01 7.763259210849463443e+01
-1.827473726485647276e+01 8.197929005831826998e+01
-1.885337237537350319e+01 8.591996663759641706e+01
-1.924827695170499453e+01 8.980712993480014461e+01
-1.981466820684580554e+01 9.369326669806812902e+01
-2.038851896063499680e+01 9.764364555841123661e+01
-2.077159362374493767e+01 1.018290955097858443e+02
-2.134144897972493382e+01 1.055635778126772379e+02
-2.187249032388922743e+01 1.094425693098343118e+02
-2.245899307423945146e+01 1.132252408769894458e+02
-2.295870739499633828e+01 1.169964756758151481e+02
-2.350547253813090975e+01 1.209260784032512674e+02
-2.402954908766896835e+01 1.249809478617437151e+02
-2.465143666187156768e+01 1.289013892426240773e+02
-2.512691363879365269e+01 1.328042087455527849e+02
-2.565256604121927353e+01 1.368439050139876088e+02
-2.484608870214410459e+01 1.369956482184588253e+02
-2.687143560515357876e+01 1.573740673229139020e+02
