-8.505819792397117851e+01 1.238250563533805888e+02 -1.600762426745102829e+01
-8.120495736513336738e+01 1.245524755702157051e+02 -1.572201358090951828e+01
-7.715189054211703024e+01 1.252968623901336684e+02 -1.582658899985700529e+01
-7.322883250015462409e+01 1.258313152676229834e+02 -1.573287371644473609e+01
-6.917785477543671391e+01 1.264640277479879984e+02 -1.580135235437808561e+01
-6.523802353923190367e+01 1.271459660861726491e+02 -1.584234368119782843e+01
-6.134248485443221455e+01 1.278050479501767427e+02 -1.578374065891989275e+01
-5.722966674553865118e+01 1.284444170279382149e+02 -1.571922227534705385e+01
-5.332245944059857834e+01 1.290494119911150506e+02 -1.549272229613864837e+01
-4.944437628062716783e+01 1.295353577689282076e+02 -1.543732467234772798e+01
-4.536767837962278804e+01 1.302481258186381865e+02 -1.511651852299196719e+01
-4.127412437994007632e+01 1.306918094048718899e+02 -1.555860826013051756e+01
-3.721105172647021675e+01 1.313777662335088223e+02 -1.589820800425658831e+01
-3.353340008100738601e+01 1.316575938625744868e+02 -1.545523150454089922e+01
-2.947112677574547490e+01 1.324902338857091308e+02 -1.539363942185500100e+01
-2.982029231155909699e+01 1.361622678525774006e+02 -1.528114310203109838e+01
-3.372404495381458389e+01 1.357923307294335871e+02 -1.547263262031521336e+01
-3.789783563044359482e+01 1.351935031490921233e+02 -1.563544054787618620e+01
-4.174784525539894275e+01 1.347586610330723147e+02 -1.581592955817230717e+01
-4.566701933689228099e+01 1.338881174987387794e+02 -1.534151721439668847e+01
-4.982782922566549644e+01 1.333787009368295173e+02 -1.543733404035738843e+01
-5.389900164845794706e+01 1.329826660358102686e+02 -1.567194886098154072e+01
-5.774044947258074245e+01 1.323373860464839140e+02 -1.546024270771810194e+01
-6.580972180715994568e+01 1.310125131554437132e+02 -1.571106839539427114e+01
-6.973534954768622640e+01 1.302634826432463342e+02 -1.563097447703844622e+01
-7.374419836164261710e+01 1.296716186875414110e+02 -1.567259315975443812e+01
-7.769991461564593749e+01 1.289410593198910817e+02 -1.565550720420059605e+01
-8.164982558730842754e+01 1.283280946986450601e+02 -1.562692567903876295e+01
-8.586979279456254233e+01 1.277699623620215732e+02 -1.589367065141549773e+01
-8.738329190523992906e+01 1.291157806122218972e+02 -1.591972612824719846e+01
-8.761091912748699428e+01 1.299258071795793512e+02 -1.589456189414555354e+01
-8.641458417444847839e+01 1.317858372000256111e+02 -1.586989840370895166e+01
-8.236935966559474309e+01 1.323892831868360815e+02 -1.579166906540620374e+01
-7.843938396793468826e+01 1.329894067286082588e+02 -1.588555192994749632e+01
-7.437881044003846398e+01 1.335195595016828634e+02 -1.568652499866668748e+01
-7.028944143703725445e+01 1.342986593716858010e+02 -1.586140357838594284e+01
-6.654786480455362607e+01 1.350512384327712994e+02 -1.554961273187451098e+01
-6.246419151998052399e+01 1.356677813958935417e+02 -1.556939356616067727e+01
-5.852199456774233965e+01 1.362899254295162166e+02 -1.542768859075971122e+01
-5.443304631409265681e+01 1.368540435442108958e+02 -1.588377318243873049e+01
-5.034911725158850970e+01 1.376510159907460604e+02 -1.585506587490805330e+01
-4.649075253033475263e+01 1.382644555219318931e+02 -1.549917503445518463e+01
-4.251139863639832583e+01 1.388174438765887544e+02 -1.574547586827025647e+01
-3.850551083634518790e+01 1.394194632461529011e+02 -1.547067827297892606e+01
-3.448517606641635780e+01 1.399569016762187061e+02 -1.565108074868389920e+01
-3.046447258918065160e+01 1.405359275911801831e+02 -1.576128671243697354e+01
-3.117877645198630532e+01 1.442710148728791637e+02 -1.553202426686485893e+01
-3.511675951732479461e+01 1.438807193827323090e+02 -1.575261632153358349e+01
-3.890583333946842970e+01 1.432881235482806233e+02 -1.552459479654316965e+01
-4.299964028472591338e+01 1.426818959638929698e+02 -1.554259904010949356e+01
-4.694307706772605826e+01 1.420621280694936956e+02 -1.555929387010784382e+01
-5.097328578802402888e+01 1.414432867319968068e+02 -1.548309811251838752e+01
-5.499714966108597736e+01 1.408471874721532799e+02 -1.564480497798675529e+01
-5.900708794968227267e+01 1.401984509625730766e+02 -1.572001218287207536e+01
-6.302166954747382732e+01 1.394247102404187331e+02 -1.547991964074452653e+01
-6.702909285678860840e+01 1.390201050984763640e+02 -1.585743717656822227e+01
-7.083653110196533476e+01 1.383168898228016417e+02 -1.559673433222021188e+01
-7.491707291838150695e+01 1.376457828171052995e+02 -1.602515721116853342e+01
-7.913645341139071832e+01 1.369985211199176831e+02 -1.575149491647144728e+01
-8.301515925794321049e+01 1.362948326446371823e+02 -1.601220557723561200e+01
-8.692514296855459577e+01 1.355275561952009582e+02 -1.579432000049892082e+01
-9.022733122076900258e+01 1.310530198603013332e+02 -1.559620786839048634e+01
-8.973892597023368012e+01 1.270989395333412801e+02 -1.571148628935129210e+01
-9.063768853159992034e+01 1.241180230793672195e+02 -1.580320445547825869e+01
-8.919868883219413647e+01 1.232673376807166221e+02 -1.566376513600656040e+01
-9.104384492166809650e+01 1.262788560355404570e+02 -1.601338152817538685e+01
-9.148225337982862015e+01 1.262164705252847483e+02 -1.572841781623974811e+01
-9.214394371564438302e+01 1.261188516432172406e+02 -1.595117257681213374e+01
