-6.227315156238138627e+01 1.546668852489939923e+02 -1.578190974966020477e+01
-6.174629146492389964e+01 1.546032145644632578e+02 -1.578616555349399420e+01
-6.123766580863401998e+01 1.545428612104460626e+02 -1.580312295634776731e+01
-6.071400593774980337e+01 1.545383225297451588e+02 -1.580678053638085601e+01
-6.017420153626335377e+01 1.545543931832554279e+02 -1.581793735440851378e+01
-5.968035455629031816e+01 1.546494072450499004e+02 -1.581619983539953012e+01
-5.915937913442764540e+01 1.548445808024961252e+02 -1.581896259757882817e+01
-5.868756056195957882e+01 1.551234353109173298e+02 -1.580973139384253301e+01
-5.826732093494311471e+01 1.554688859389952711e+02 -1.582080600148649552e+01
-5.785070660496167250e+01 1.558433207525283137e+02 -1.581518165542101428e+01
-5.740975388783011368e+01 1.561493718838303550e+02 -1.581585373268788786e+01
-5.691023175338040119e+01 1.564042356431613996e+02 -1.581721990704318515e+01
-5.636952345436559142e+01 1.565752269975243962e+02 -1.582858077805245145e+01
-5.581540684246131434e+01 1.566921596341798875e+02 -1.581643930142399412e+01
-5.522605922573998782e+01 1.567510130158254924e+02 -1.582509363711316297e+01
-5.468285233369884679e+01 1.567729066731737646e+02 -1.581365080119947208e+01
-5.413502156787008346e+01 1.567694690641297939e+02 -1.581900702210899468e+01
-5.358837473411772123e+01 1.567858752301454217e+02 -1.581736387156502488e+01
-5.302316069382708008e+01 1.568069877090243551e+02 -1.580121940843105222e+01
-5.249369407399591125e+01 1.568249084349776865e+02 -1.582337775563572535e+01
